TE	KAP1_Mean	KAP1_log2fold	KAP1_qvalue	H3K9me3_Mean	H3K9me3_log2fold	H3K9me3_qvalue
RLTR27	12847.33247	-0.765620788	2.16411E-78	11823.54436	-0.097310094	NA
RLTR10-int	49568.11497	-0.304168616	1.12944E-17	64794.66803	-0.269719488	7.57564E-06
IAPEz-int	515286.9161	-0.253268365	9.13697E-06	896846.8378	-0.169218282	0.034556194
RLTR1D	6726.252717	-0.231275733	2.19124E-10	8387.711451	-0.309815359	NA
RLTR10	27234.43012	-0.199595936	6.24235E-08	31942.29252	-0.242231711	4.84326E-05
RLTR13B1	18093.65608	-0.197854668	6.35529E-06	18401.49109	-0.061727775	0.605338875
IAPLTR2a	16562.55393	-0.196563168	0.002593708	22807.50688	-0.171797129	0.034556194
IAPLTR4_I	3959.010708	-0.194978868	0.000119573	7065.592666	-0.064237763	NA
IAPLTR1_Mm	28297.65714	-0.178291441	0.007848422	39591.39171	-0.186577762	0.015610983
RLTR13B4	5593.108131	-0.152884072	0.000217024	5371.327104	0.014578222	NA
IAPLTR2b	14680.60433	-0.149867433	0.079543963	18918.76363	-0.114465069	0.438599365
IAPLTR1a_Mm	44056.43915	-0.145394409	0.073167773	54297.42955	-0.14722135	0.095056553
LTRIS4	3009.178368	-0.139947791	0.082593639	3587.784671	-0.075889968	NA
MMERVK10C-int	78195.00144	-0.138704143	0.003906583	114168.1192	-0.14164803	0.095056553
IAPLTR2_Mm	45193.982	-0.133166473	0.213661942	64539.39529	-0.15586861	0.072728316
RLTR10E	6481.792653	-0.132942511	0.007848422	9016.301018	-0.133000355	NA
LTRIS2	27915.68583	-0.120644428	0.342936692	33599.0762	-0.067062072	0.605338875
RLTR1	3947.27624	-0.116917163	0.260263872	4713.02944	-0.071546233	NA
MLT1G3-int	397.4486449	-0.113061414	0.453693866	326.1100743	0.025659732	NA
RLTR13C2	12633.7452	-0.112941825	0.034570695	11329.12099	-0.048038847	NA
LTRIS3	2607.9001	-0.110683897	0.313818002	3195.93051	-0.035705142	NA
MMETn-int	59993.79813	-0.104487972	0.228163237	90657.43851	-0.085140812	0.506622449
LTR53	1356.242888	-0.101839587	0.370363054	1020.269394	0.005206249	NA
RLTR13B2	6762.065968	-0.100181783	0.404066396	7730.494576	-0.060832397	NA
MLT1E1A-int	176.3725596	-0.095701313	0.581479385	125.5512903	-0.072161046	NA
MLT1I-int	363.4251968	-0.094032156	0.805892716	307.1108097	-0.009198448	NA
MURVY-int	3278.950048	-0.093978692	0.532424602	5217.593436	-0.080897702	NA
RLTR4_MM-int	16809.38695	-0.093563929	0.470055881	28903.90972	-0.100328012	0.505578316
RLTR13D6	21704.71265	-0.090617793	0.287487774	19875.79001	-0.059225639	0.605338875
IAPEY3_LTR	9092.010941	-0.090303598	0.489884024	10334.79462	-0.067409587	NA
RLTR6-int	48863.34416	-0.086828418	0.476520059	92306.29715	-0.117146123	0.417258063
RLTR9B2	3200.353816	-0.085635518	0.476520059	2627.630876	-0.106972902	NA
Charlie13b	514.9100193	-0.085511822	0.88900901	383.9087327	-0.047090938	NA
RLTR9E	15721.17759	-0.084844443	0.404066396	15980.9636	-0.083403482	0.506622449
RLTRETN_Mm	26945.92813	-0.084377969	0.22590595	33580.39302	-0.069169267	0.579767864
IAPEY_LTR	12789.12572	-0.082543123	0.88900901	9041.376107	-0.040858759	NA
MER57E1	730.249557	-0.080883914	0.88900901	585.2347608	-0.0128288	NA
RLTR9D	8584.46924	-0.080774302	0.546904388	7712.15235	-0.088376791	NA
RNLTR23	1731.990147	-0.079583984	0.829972136	1499.453152	-0.053290581	NA
RLTR44B	1645.059021	-0.078377754	0.829972136	1684.575076	-0.059331128	NA
MER88	296.1749719	-0.077648667	0.940706763	267.6648139	-0.108986921	NA
MER90	1235.163331	-0.077475415	0.88900901	915.6627659	0.043349796	NA
LTRIS5	2065.449027	-0.076930933	0.818441354	2371.128627	-0.096008032	NA
RLTR9B	2213.483073	-0.076381886	0.829972136	1879.310884	-0.034089841	NA
AluG_3	777.9712172	-0.076198084	0.940706763	556.7722546	-0.033994331	NA
RLTR13D2	4985.208782	-0.075385479	0.463253659	5044.735709	-0.044822076	NA
MER67A	940.6123462	-0.07421915	0.940706763	733.221119	-0.107588885	NA
RLTR13B3	5074.518008	-0.073801306	0.546904388	5223.982589	0.011082342	NA
RLTR13D4	3721.249051	-0.072721627	0.700582775	3396.629125	-0.072951975	NA
L1MEg2	492.2762592	-0.07147979	0.998128723	386.7521754	0.010845538	NA
L1Md_Gf	37388.71879	-0.071088916	0.305531591	48490.66496	-0.111319266	0.388935144
RLTR5_Mm	1889.140733	-0.070910383	0.966766799	2463.071714	-0.082230908	NA
IAPLTR3-int	15341.77732	-0.069970714	0.88900901	23786.15691	-0.070093537	0.578078726
MER65D	457.6656443	-0.069813471	0.998128723	349.7921448	-0.01590658	NA
Zaphod2	813.7179	-0.068796494	0.998128723	683.6393746	-0.03980582	NA
Tigger12	412.3502547	-0.067095624	0.998128723	328.7068045	-0.009708836	NA
RLTR1B	20017.71672	-0.065706853	0.88900901	29001.27821	-0.041865062	0.819044337
IAP-d-int	27292.45585	-0.065554596	0.770908775	40384.19877	-0.088446778	0.506622449
MLT1D-int	1064.374304	-0.064757528	0.998128723	842.7287766	-0.085107062	NA
RLTR47_MM	5150.877963	-0.064398507	0.818441354	5028.590597	-0.037944382	NA
IAPEy-int	17070.00158	-0.064195928	0.940706763	28271.80665	-0.085460221	0.506622449
RLTR13A2	4123.19336	-0.063502433	0.940706763	5204.9582	-0.053375213	NA
RLTR45	15663.06572	-0.062860406	0.88900901	20125.23001	-0.053725341	0.688259486
MER57F	825.8258571	-0.06250282	0.998128723	707.239618	0.040707438	NA
RLTR10B2	7064.536008	-0.060908791	0.904010434	9657.458785	-0.053597144	NA
RLTR10B	2531.001978	-0.060686648	0.973942119	3056.718229	-0.207435688	NA
ETnERV2-int	110376.4347	-0.060648461	0.88900901	171135.2694	-0.073293645	0.578078726
RLTR9C	6205.573159	-0.060386071	0.88900901	6242.921287	-0.074757567	NA
Charlie14a	307.2629867	-0.060129044	0.998128723	261.9181928	0.012261004	NA
ETnERV-int	11461.86013	-0.059629151	0.940706763	17609.96451	-0.079668414	0.534196354
RLTR10C	21140.89904	-0.058496025	0.546904388	31940.03973	-0.085274427	0.506622449
Kanga1b	549.6209047	-0.057354448	0.998128723	431.9322754	-0.072738685	NA
RLTR46	4365.102012	-0.056809799	0.940706763	5118.570315	-0.007879851	NA
RLTR13D1	11382.841	-0.056691053	0.88900901	9360.879001	-0.021177476	NA
MER92C	317.143443	-0.056520086	0.998128723	225.0761067	-0.041856571	NA
MER47A	570.415111	-0.056438348	0.998128723	497.128063	-0.014044367	NA
LTR81C	426.1107929	-0.055146079	0.998128723	323.437399	-0.034688441	NA
MLT1F2-int	431.4095403	-0.054960465	0.998128723	309.8799181	-0.047897002	NA
RLTR44-int	7880.100805	-0.054725024	0.934530348	11634.1474	-0.079193662	NA
LTR81B	918.2982073	-0.054652963	0.998128723	724.9347065	-0.015918932	NA
RLTR43A	979.3435027	-0.052982027	0.998128723	1091.077553	-0.077721315	NA
Charlie12	3964.600365	-0.052336488	0.940706763	3115.13509	-0.015294085	NA
MER76-int	83.35570663	-0.05086802	0.998128723	75.80940492	-0.084133226	NA
RLTR9A2	2262.694427	-0.050412096	0.998128723	2057.687531	-0.046748765	NA
MER94	1376.829942	-0.050399222	0.998128723	1071.374421	-0.006806563	NA
RLTR6_Mm	13353.28749	-0.049902616	0.998128723	16515.02187	-0.041020834	0.829250513
IAPEY2_LTR	16987.85793	-0.049456292	0.998128723	15033.30308	-0.04100718	NA
L1M2c	1811.985991	-0.04818225	0.998128723	1491.040154	0.032096462	NA
LTR86B2	150.9582912	-0.047771296	0.998128723	107.9781926	0.000708453	NA
IAPLTR4	4978.584835	-0.047722454	0.998128723	7057.190915	-0.041968719	NA
RLTR13A3	4450.921922	-0.047382324	0.998128723	5658.320969	-0.007110776	NA
IAPEY3-int	50819.47626	-0.046943544	0.998128723	82702.79536	-0.083586458	0.506622449
RLTR25A	26425.16911	-0.04623449	0.940706763	24557.56393	-0.022616865	0.906595541
LTR16D2	283.7970573	-0.04595782	0.998128723	235.1129172	-0.054288875	NA
Charlie21a	771.9984415	-0.045864183	0.998128723	641.1117277	0.060443055	NA
L1M7	1236.207829	-0.045539622	0.998128723	1078.39423	0.01519984	NA
MLT1E1A	5596.623331	-0.045441031	0.998128723	4603.001777	-0.002214573	NA
MER57C2	1931.759624	-0.044625092	0.998128723	1526.313836	-0.055478885	NA
MURVY-LTR	8234.455313	-0.043957127	0.998128723	8445.147713	-0.029713986	NA
LTR69	378.2696964	-0.043803961	0.998128723	299.0533111	0.090600637	NA
RLTR44A	1828.727191	-0.043368453	0.998128723	1987.395671	-0.024944633	NA
MLT1J2-int	163.809539	-0.042961655	0.998128723	124.3130486	0.018896492	NA
MER67D	2461.450544	-0.042957524	0.998128723	2047.970188	-0.076699393	NA
MamGypLTR2b	387.9086143	-0.042544333	0.998128723	320.1880371	-0.069897357	NA
MurERV4_19-int	10791.03108	-0.042524296	0.966766799	11064.31345	-0.026819561	NA
MER72	32.4369714	-0.042230379	0.940706763	24.40608726	-0.009240961	NA
ETnERV3-int	18926.66607	-0.041509154	0.998128723	24761.12061	-0.058812769	0.558869559
RLTR10D	7294.655135	-0.041436474	0.998128723	9313.477208	-0.073810076	NA
MER57A-int	959.2861661	-0.041350818	0.998128723	745.7010351	0.020030145	NA
LTR90A	362.7083872	-0.041043206	0.998128723	278.9233363	-0.019559287	NA
Tigger10	1091.933498	-0.04102594	0.998128723	859.8084366	0.051359733	NA
RLTR22_Mur	25764.23032	-0.040231554	0.998128723	23674.52628	-0.019046477	0.892371926
MER87	167.1442606	-0.040112872	0.998128723	138.0019219	0.01914252	NA
Charlie16a	726.4664581	-0.039918323	0.998128723	584.2760809	0.07068579	NA
ORR1C1-int	9082.517839	-0.039684556	0.998128723	8556.364485	-0.066642928	NA
RLTR1C	6553.861386	-0.039523412	0.998128723	7845.975062	-0.013287938	NA
LTR45	82.69029351	-0.039412139	0.998128723	76.39605553	0.039673668	NA
MER105	637.3021821	-0.039337816	0.998128723	465.3700224	0.064705529	NA
MLT1H1-int	277.2618709	-0.039079717	0.998128723	245.1991576	0.045614685	NA
LTR37B	1630.907095	-0.038941757	0.998128723	1366.054685	0.015933172	NA
RLTR13D5	8974.629433	-0.038329132	0.998128723	9009.724748	-0.031854716	NA
Charlie26a	372.3279187	-0.037958974	0.998128723	291.2092089	0.020788285	NA
Charlie7a	299.0147034	-0.037801267	0.998128723	241.497279	0.060849685	NA
MER76	1242.510553	-0.037716888	0.998128723	1107.614083	-0.062889109	NA
LTR16A1	3379.855679	-0.037322339	0.998128723	2741.430228	0.009539442	NA
Charlie10a	225.1763919	-0.036850645	0.998128723	177.2939686	0.018288674	NA
L1Md_F	170760.6494	-0.036225467	0.998128723	240144.7576	-0.071136112	0.506622449
MLT1A-int	688.1948517	-0.036160846	0.998128723	543.7666773	0.01489048	NA
RLTR9A	13905.86166	-0.036033523	0.998128723	12265.84098	-0.042304629	NA
MamGypLTR1a	572.5385345	-0.035897534	0.998128723	431.0881253	0.012965764	NA
MuLV-int	6463.213682	-0.03576645	0.998128723	9253.246888	-0.061882693	NA
RMER6D	16481.59185	-0.035690365	0.998128723	15405.47582	0.007347361	NA
MER44C	1248.000303	-0.035497061	0.998128723	996.0006867	-0.012184635	NA
ORSL	965.5435818	-0.035440163	0.998128723	750.8454657	0.018714488	NA
RMER16	15267.06643	-0.034395663	0.998128723	13110.59482	0.003776776	NA
RLTR4_Mm	3265.796481	-0.034395621	0.998128723	4962.879307	-0.063182815	NA
LTR40c	1239.893475	-0.034156593	0.998128723	920.157107	-0.00486154	NA
RLTR44E	1247.765996	-0.034125182	0.998128723	1165.631499	-0.014958413	NA
Charlie17a	291.6676398	-0.033548413	0.998128723	191.9839288	0.133084147	NA
MLT1-int	1341.813312	-0.03345964	0.998128723	1148.257125	-0.042016277	NA
L1MA10	3640.073224	-0.032100827	0.998128723	3186.002144	-0.000148029	NA
RLTR13C1	7615.318423	-0.031939555	0.998128723	8481.497715	-0.064609596	NA
RMER19A	21320.7768	-0.031652204	0.998128723	19572.23559	0.00158433	0.990130733
MERVK26-int	10797.68476	-0.031538582	0.998128723	10519.66491	-0.030267818	NA
MamGypLTR2	273.4755179	-0.031537074	0.998128723	236.6769125	-0.038329938	NA
LTR41	2419.713851	-0.030391122	0.998128723	1709.287008	0.029632739	NA
L1MEb	1794.539939	-0.030352063	0.998128723	1402.664334	0.019062144	NA
L1MCa	18653.17397	-0.030085992	0.998128723	15590.18439	0.001235977	NA
L1M3b	884.933853	-0.029952398	0.998128723	742.8129485	-0.03319293	NA
RLTR20A1	1302.973167	-0.02989069	0.998128723	1030.90302	-0.005592885	NA
LTR33C	1069.627791	-0.029474117	0.998128723	843.9674609	-0.05159416	NA
RLTR19B	1800.17327	-0.029412289	0.998128723	1571.109267	-0.072427454	NA
RLTR13A	6936.684017	-0.028905621	0.998128723	8110.585768	-0.019553167	NA
RLTR45-int	27533.7819	-0.028714541	0.998128723	33398.83587	-0.046698058	0.688259486
MER99	913.1797663	-0.028589582	0.998128723	713.1524797	0.010596975	NA
MLT1L-int	65.55830527	-0.028129892	0.998128723	45.59721327	-0.024646321	NA
Looper	1044.792627	-0.027533024	0.998128723	797.9998459	-0.008800564	NA
BGLII	17537.14724	-0.027506257	0.998128723	17249.41462	-0.030155816	0.887914991
MER70B	1368.16311	-0.027101977	0.998128723	1026.189037	0.013908598	NA
RLTR41	13767.26404	-0.026644637	0.998128723	13279.03879	-0.029229939	NA
MER45B	3468.958096	-0.026572312	0.998128723	2841.844004	-0.02458779	NA
LTR55	863.9821954	-0.026564466	0.998128723	695.1479879	0.035658009	NA
RLTR25B	29305.05185	-0.026274551	0.998128723	26209.64354	-0.029849178	0.806565376
IAPLTR3	1450.685354	-0.026140456	0.998128723	1850.414153	-0.026815271	NA
HERVL40-int	968.996824	-0.026023939	0.998128723	778.1205904	-0.062315761	NA
HERVL74-int	819.9728198	-0.025879282	0.998128723	667.674391	-0.018988169	NA
MER83B-int	31.66116928	-0.025846375	0.998128723	26.0859396	0.013447128	NA
LTR50	2374.128997	-0.02558761	0.998128723	1845.194669	0.055997718	NA
MER57E2	166.3416079	-0.025063229	0.998128723	139.3251248	0.029300479	NA
L1Md_T	870426.4908	-0.024813406	0.998128723	1008139.486	-0.058154345	0.578078726
MARNA	2342.919636	-0.024655067	0.998128723	1818.525536	0.009939447	NA
RMER16-int	53650.00965	-0.024458956	0.998128723	58208.91076	-0.074626731	0.506622449
Ricksha_a	87.9766952	-0.024304536	0.998128723	69.16679412	-0.020394362	NA
RMER17A-int	2619.813375	-0.02421676	0.998128723	2397.312451	0.014768537	NA
L1M	1235.138329	-0.024073093	0.998128723	1015.027784	-0.006670501	NA
MYSERV-int	11892.90867	-0.024052878	0.998128723	10644.22285	0.001986777	NA
L5	503.4566095	-0.023914373	0.998128723	398.725936	0.026843923	NA
LTR64	25.08518323	-0.023817786	0.998128723	18.41199642	-0.011438807	NA
ORR1A0-int	10685.40011	-0.023781354	0.998128723	11171.60453	-0.05873711	NA
MLT1K-int	57.83199139	-0.023576347	0.998128723	48.22033329	-0.038694109	NA
Charlie25	1678.327038	-0.023515872	0.998128723	1364.154278	-0.005382253	NA
Tigger14a	753.5721008	-0.023388768	0.998128723	578.16805	-0.007025542	NA
MLT1E	2563.72467	-0.023325192	0.998128723	2075.151079	0.034078399	NA
MMERGLN-int	23587.20415	-0.023284746	0.998128723	39186.44903	-0.068909743	0.578078726
Lx2A	13845.05816	-0.023028052	0.998128723	12234.81152	-0.044320651	NA
MER57-int	250.7023245	-0.022866472	0.998128723	200.9625234	-0.024150926	NA
RMER6C	40704.64652	-0.022818426	0.998128723	38656.17073	0.013244137	0.917421528
LTR84a	598.6029064	-0.022210513	0.998128723	465.0738989	0.071918579	NA
L1M3f	470.7663169	-0.02199267	0.998128723	379.1044278	-0.016958608	NA
RLTR9F	3367.320964	-0.021853208	0.998128723	3472.835187	-0.057124115	NA
L1MD1	13154.96886	-0.021531299	0.998128723	10806.21237	0.017310309	NA
RLTR23	19072.7633	-0.021525747	0.998128723	16227.87135	-0.0264504	0.772607371
Tigger16a	617.0956003	-0.021463208	0.998128723	441.0132789	-0.005189081	NA
LTR16B	1280.581063	-0.021193944	0.998128723	1004.293665	0.00446763	NA
LTRIS_Mus	10283.04975	-0.021136834	0.998128723	12222.07903	-0.042313525	NA
MER101B	68.56273478	-0.020916006	0.998128723	62.31056861	0.022377506	NA
MLT1G3	5337.268247	-0.020883457	0.998128723	4196.55137	-0.025571449	NA
L1Md_A	563471.0389	-0.020840092	0.998128723	652456.319	-0.038504322	0.688259486
RLTR44C	1872.666409	-0.020626048	0.998128723	1906.028384	-0.056618133	NA
RMER17A	15843.68516	-0.020598125	0.998128723	13499.71252	-0.009557891	NA
MER83A-int	8.891484596	-0.020293465	0.998128723	7.231639266	-0.014547526	NA
RLTR1B-int	12561.51058	-0.02003559	0.998128723	18172.97693	-0.049664471	0.705575809
RLTR28B	4723.908203	-0.019843066	0.998128723	3547.593939	0.029552927	NA
Charlie18a	860.8758103	-0.019750246	0.998128723	669.3966765	0.063309091	NA
LTR37A	2224.148612	-0.019712662	0.998128723	1826.933774	0.055232194	NA
RMER20B	20398.73451	-0.019369672	0.998128723	16196.56678	-0.011265755	0.939739616
MLT1J-int	2599.963658	-0.019304324	0.998128723	2117.288206	0.013825456	NA
RLTR28	15329.13474	-0.018287911	0.998128723	11789.18343	0.024040611	NA
MER91B	647.6727368	-0.01821853	0.998128723	444.7025696	0.038237611	NA
ORR1C2-int	9862.127774	-0.018203423	0.998128723	9375.338977	-0.055862828	NA
LTR33A	2268.753669	-0.018122827	0.998128723	1768.805683	0.037371336	NA
RLTR20B3	14218.70082	-0.017877563	0.998128723	11397.00684	-0.035183167	NA
Tigger9b	1681.686628	-0.017512452	0.998128723	1305.3434	0.056382548	NA
MER77	4366.495779	-0.017424709	0.998128723	3520.766203	0.001616468	NA
RLTR19-int	16440.07224	-0.017401739	0.998128723	14325.0701	-0.013660783	NA
HAL1b	2268.289093	-0.017381898	0.998128723	1934.6683	-0.020756191	NA
Tigger11a	358.1312486	-0.017262045	0.998128723	294.4049495	0.067573524	NA
RMER21A	5042.238165	-0.017071495	0.998128723	3594.814616	0.016117472	NA
MLT1G-int	187.3308616	-0.016974923	0.998128723	156.0131474	-0.017511945	NA
MER54B	655.5228007	-0.01643149	0.998128723	512.4790732	-0.009432231	NA
L1_Mus4	138494.4125	-0.016236244	0.998128723	123817.2476	-0.007874201	0.939739616
MamGypLTR1c	560.6261404	-0.016066813	0.998128723	455.6898475	-0.02681235	NA
MLT2B2	6425.637068	-0.01589386	0.998128723	5337.947558	-0.030447753	NA
RMER17D2	13113.35534	-0.01565755	0.998128723	10945.53664	-0.016855063	NA
RLTR31_Mm	9557.969759	-0.015246117	0.998128723	7815.580466	0.002030982	NA
MYSERV16_I-int	24540.58105	-0.015030744	0.998128723	22685.58046	-0.019282682	0.906595541
MER66B	18.70122013	-0.01488753	0.998128723	13.48443582	0.011626813	NA
Lx3B	52970.50823	-0.014829115	0.998128723	44779.01419	-0.0181145	0.892371926
BLACKJACK	3922.312522	-0.014819013	0.998128723	3379.850631	-0.058321029	NA
MER66A	16.0870806	-0.01461807	0.998128723	7.443355242	0.004208449	NA
Tigger12A	309.7445622	-0.014432122	0.998128723	242.3100472	-0.054393407	NA
L1Md_F2	1249427.325	-0.014397546	0.998128723	1364900.375	-0.049421254	0.506622449
RMER19C	42625.9826	-0.014313868	0.998128723	39111.68727	-0.011750981	0.906595541
RLTR44D	767.1124775	-0.014308709	0.998128723	846.5110388	0.004845568	NA
Kanga1d	490.1757893	-0.014291089	0.998128723	378.974286	-0.017642327	NA
Kanga1	1524.042496	-0.014257981	0.998128723	1230.414902	0.068389716	NA
MLT2B5	1894.276666	-0.014212142	0.998128723	1520.088839	-0.02813634	NA
RMER6-int	4729.826059	-0.013727477	0.998128723	4323.811525	0.013193111	NA
B3A	349160.8751	-0.013723839	0.998128723	271860.5618	0.004086616	0.952317802
LTR65	763.4166477	-0.013673994	0.998128723	605.2753927	-0.05695602	NA
L1VL4	137231.7323	-0.01364472	0.998128723	145595.0026	-0.030492418	0.772607371
RMER12	32489.83094	-0.013574413	0.998128723	27631.13884	-0.014025374	0.906595541
RMER19B	61878.97151	-0.013435089	0.998128723	55042.67066	-0.014578738	0.906595541
MER34A1	2502.987788	-0.013320843	0.998128723	2007.135285	0.00661771	NA
Tigger6a	2362.832795	-0.013245932	0.998128723	1878.211476	0.009853533	NA
Lx2A1	23176.58015	-0.013190919	0.998128723	20139.05496	-0.008996344	0.947679585
Lx6	242030.3828	-0.012951013	0.998128723	206786.6954	-0.019420506	0.803108924
ORR1A3-int	16213.51859	-0.012596543	0.998128723	14542.68656	-0.010114054	NA
RLTR42-int	13418.91067	-0.012590233	0.998128723	11031.56394	0.009953763	NA
LTR86B1	173.4146133	-0.012582586	0.998128723	129.176175	-0.027414945	NA
MusHAL1	56276.86396	-0.012528626	0.998128723	58247.53004	-0.01553526	0.912071984
MER63A	2426.796066	-0.012403438	0.998128723	1942.921998	-0.023632795	NA
L1MCc	2314.013322	-0.012294574	0.998128723	1933.525925	0.086665103	NA
RMER3D1	3.501149756	-0.011829563	0.998128723	2.756321167	-0.009990925	NA
LTR75	477.5533452	-0.011769134	0.998128723	329.7617056	-0.000617093	NA
MER58C	1286.962823	-0.011753486	0.998128723	959.4066098	-0.073627788	NA
MER47C	40.9642569	-0.011750353	0.998128723	28.37257668	-0.039539795	NA
LTR16E1	2199.113451	-0.011549059	0.998128723	1753.183486	0.017475678	NA
LTR86A1	390.2573369	-0.011470622	0.998128723	281.1599546	-0.020330549	NA
MYSERV6-int	32666.77356	-0.011442176	0.998128723	30544.57907	-0.015903336	0.906595541
L1MC4a	17382.22091	-0.011362135	0.998128723	13984.54732	0.010064419	NA
RLTR10A	8535.194121	-0.011274217	0.998128723	9601.566944	-0.047787451	NA
MER110A	810.5487589	-0.01123291	0.998128723	702.7840648	-0.032054834	NA
RMER13B	22361.20154	-0.011225179	0.998128723	18069.31256	-0.024573962	0.904804207
L1M2	100275.2029	-0.011164339	0.998128723	86390.78766	0.006353717	0.952317802
LTR75_1	37.3814701	-0.011163693	0.998128723	32.57308419	0.0224075	NA
RLTR12B	19513.59156	-0.011082668	0.998128723	15805.89703	-0.032466806	NA
MamGypLTR3	478.4993257	-0.011016049	0.998128723	328.9954283	-0.021935002	NA
MMTV-int	2647.277367	-0.01084494	0.998128723	3192.329063	0.048916781	NA
RLTR13D3	8326.335058	-0.010779817	0.998128723	8659.261066	-0.022065287	NA
Lx4A	101283.2356	-0.010729579	0.998128723	85579.23328	-0.031325355	0.579767864
Charlie7	4118.106115	-0.010691657	0.998128723	3370.413737	0.014125838	NA
Alu_5	39.36312975	-0.010153573	0.998128723	31.04679332	0.010561772	NA
L1_Mus3	296306.5475	-0.01011754	0.998128723	266515.0109	-0.011787199	0.906595541
RMER4B	32374.3087	-0.009839776	0.998128723	26700.4175	-0.01650338	0.829250513
L1MD3	10805.05737	-0.009745503	0.998128723	8742.119946	0.003700002	NA
Lx3A	81852.16902	-0.009582882	0.998128723	68853.88181	-0.019259009	0.846958939
B3	617083.2926	-0.00957881	0.998128723	477872.4294	0.012680194	0.892371926
Lx4B	102081.8609	-0.009567682	0.998128723	86943.51276	-0.027349879	0.578078726
LTR59	25.51333571	-0.00939659	0.998128723	19.96883924	-0.010123197	NA
L1_Mur2	174383.6663	-0.009303881	0.998128723	163776.4044	-0.008225721	0.952317802
MLT1B-int	849.2375292	-0.00928595	0.998128723	720.423814	0.04365176	NA
Lx7	298965.9829	-0.009244063	0.998128723	252921.9461	-0.002106104	0.990130733
L1M3d	789.5924421	-0.009006438	0.998128723	705.8187741	-0.046742342	NA
Charlie1a	14949.77047	-0.008981645	0.998128723	11977.1166	0.025035309	NA
Tigger2b	858.0223436	-0.008968782	0.998128723	667.8472636	-0.011425285	NA
Charlie19a	1013.389149	-0.008915796	0.998128723	784.698042	-0.007220803	NA
L1Md_F3	231758.8948	-0.008911244	0.998128723	251625.7309	-0.035637386	0.685401235
MamRep137	1202.152694	-0.008901788	0.998128723	996.0867783	0.009079952	NA
MER58D	882.3046615	-0.008790358	0.998128723	677.6132392	-0.035789706	NA
LTR84b	821.3316824	-0.008747301	0.998128723	661.6496186	0.075572744	NA
LTR9	42.07399169	-0.008718736	0.998128723	29.07652928	0.00122642	NA
Lx2B	124622.948	-0.008697217	0.998128723	106393.2664	-0.012292649	0.906595541
ORR1B2	47185.58739	-0.008686085	0.998128723	39136.7382	-0.0105703	0.952317802
LTR77	76.26726325	-0.008494224	0.998128723	56.83366468	-0.037815584	NA
L1M3e	3426.038392	-0.008454415	0.998128723	2785.761052	-0.024135954	NA
RLTR20B1	4069.447805	-0.008437881	0.998128723	3239.883705	-0.02195894	NA
MER51-int	20.69345882	-0.008356886	0.998128723	17.33530777	0.032471091	NA
Charlie24	1756.337791	-0.008201858	0.998128723	1449.259225	-0.048259874	NA
MLT1A0-int	1421.881801	-0.008155268	0.998128723	1108.975363	0.08105561	NA
MLT1G1	5267.016219	-0.008148401	0.998128723	4164.844762	-0.015671354	NA
Lx	266310.4578	-0.008018695	0.998128723	232065.6915	-0.01243414	0.904804207
LTR80A	561.3327865	-0.007972553	0.998128723	445.536628	-0.062155282	NA
Lx2	174414.4337	-0.007963825	0.998128723	150386.8699	-0.029380137	0.578078726
MLT1A	21838.47039	-0.007885932	0.998128723	17623.09155	0.012319821	0.906595541
LTR33B	1455.813562	-0.007878568	0.998128723	1144.042293	-0.043980127	NA
MTB-int	7264.923928	-0.007426618	0.998128723	6222.339823	-0.011358222	NA
LTR36	9.955539439	-0.007422453	0.998128723	8.169913866	0.02878277	NA
L1MA4A	14836.69493	-0.007331133	0.998128723	12308.80779	0.025518945	NA
ERVL-B4-int	9188.28275	-0.007202826	0.998128723	7358.553511	-0.014316547	NA
L1M3	33557.22953	-0.007145013	0.998128723	28416.74314	0.009870244	0.952317802
RMER3D-int	22405.48274	-0.007143041	0.998128723	22971.22174	-0.037250343	0.605338875
RLTR26	14915.16948	-0.006842689	0.998128723	12066.52869	0.001570377	NA
L3b	5240.407794	-0.00675411	0.998128723	4531.421177	0.012882751	NA
Tigger9a	874.4216678	-0.00668597	0.998128723	677.1847222	0.050530824	NA
MTEb	55876.15198	-0.00650668	0.998128723	45154.47785	0.011945296	0.906595541
MLT1F-int	2165.776597	-0.006433597	0.998128723	1792.813963	-0.019572606	NA
RLTR19	7668.92852	-0.006391849	0.998128723	6233.750465	0.021118732	NA
MER95	225.9387157	-0.00628369	0.998128723	169.2747947	0.078781469	NA
MuRRS-int	11125.52449	-0.006116936	0.998128723	14865.26716	-0.075971787	NA
MLT1E3	5069.37113	-0.006059677	0.998128723	4046.312022	0.001141519	NA
Lx9	328734.8582	-0.005906832	0.998128723	275146.2892	0.000504384	0.990130733
Tigger1	7120.737106	-0.005696785	0.998128723	5838.88729	-0.001902363	NA
L1_Mur3	216530.2145	-0.005648729	0.998128723	194107.1426	-0.006796333	0.952317802
L1MB8	31698.717	-0.005611876	0.998128723	25397.10691	0.018866568	0.906595541
ORR1B1-int	27274.76506	-0.005548679	0.998128723	23557.77159	-0.004908778	0.952317802
RLTR16	14556.34735	-0.005541443	0.998128723	11653.11433	-0.037841041	NA
MER117	2912.725055	-0.005472039	0.998128723	2359.825509	0.012354877	NA
RMER17D	8433.505202	-0.0054245	0.998128723	7346.358235	-0.029761723	NA
ORR1A1	26525.25057	-0.005405245	0.998128723	23422.29241	-0.045517951	0.586430445
MER45C	1242.486249	-0.005345485	0.998128723	968.2177269	0.003601327	NA
L1_Mus1	381267.5139	-0.005294131	0.998128723	374672.4912	-0.021757762	0.767403246
RMER17C	40689.63187	-0.005258356	0.998128723	30148.06783	0.007752227	0.952317802
L1MC1	32682.75158	-0.005132952	0.998128723	27071.215	-0.001614248	0.990130733
MT-int	3181.622035	-0.005094243	0.998128723	2844.920874	-0.044391953	NA
Charlie2a	2756.002517	-0.005026606	0.998128723	2233.231505	0.035584947	NA
MTEa-int	12622.13226	-0.004811995	0.998128723	10661.33652	0.003866147	NA
Lx8	425716.9039	-0.004805311	0.998128723	352872.1807	0.003667754	0.952317802
RLTR20A2	4553.559284	-0.004778149	0.998128723	3603.975059	0.005719663	NA
L1M1	2982.803385	-0.004767714	0.998128723	2532.791284	-0.000609903	NA
RLTR31B_Mm	2946.39391	-0.004764829	0.998128723	2499.38914	-0.095210702	NA
ORR1D2	81723.25026	-0.004552951	0.998128723	67358.37806	-0.002959451	0.978097261
L1_Mm	166575.439	-0.004450244	0.998128723	163943.4843	-0.012287006	0.906595541
MER47B	2612.472712	-0.004421515	0.998128723	2098.100992	0.06425073	NA
L1VL2	85205.11824	-0.004373512	0.998128723	93539.89153	-0.040006321	0.688259486
Lx5	286266.7932	-0.004359642	0.998128723	243186.7459	-0.020812754	0.688259486
Charlie6	756.6189742	-0.004267497	0.998128723	705.705207	0.000876788	NA
L1MC	29013.92287	-0.004188106	0.998128723	24395.79697	0.000867024	0.990130733
RLTR15	30155.2836	-0.004077802	0.998128723	24554.89195	0.003899387	0.952317802
MER115	2576.036763	-0.003894638	0.998128723	1908.902594	-0.013046021	NA
L1_Mus2	240217.4327	-0.003414188	0.998128723	224801.1028	-0.020222462	0.827663134
MLT1F	8336.441166	-0.003315601	0.998128723	6472.779502	-0.000575788	NA
MER110-int	200.1606215	-0.003250124	0.998128723	175.9562756	-0.054745748	NA
L1MA9	22964.11342	-0.003232512	0.998128723	19355.55524	0.035887498	0.559188405
MER70A	999.6908277	-0.002960564	0.998128723	804.6382087	-0.009087781	NA
MER45A	2571.436909	-0.002902678	0.998128723	1984.902523	0.008046403	NA
L1M4c	16976.61682	-0.002883532	0.998128723	14463.91742	0.017695965	NA
MER34	2982.256421	-0.002841627	0.998128723	2398.51317	0.002547329	NA
MTE2b	75132.43249	-0.002732575	0.998128723	61762.27014	0.00822974	0.952317802
ORR1C2	55045.84689	-0.002696564	0.998128723	49104.64858	-0.011295755	0.952317802
MER82	8794.387914	-0.002690384	0.998128723	6935.492843	0.017520276	NA
MamRep1894	95.97467929	-0.002673014	0.998128723	76.12324659	-0.011335584	NA
RMER15	90373.62255	-0.002065263	0.998128723	79215.64906	-0.007132888	0.952317802
MLT2B4	8821.400916	-0.001994061	0.998128723	7168.50182	0.006918702	NA
L1VL1	41135.5481	-0.00199355	0.998128723	47639.73228	-0.060592485	0.506622449
Lx3_Mus	130524.4088	-0.001892066	0.998128723	110409.3439	-0.014291052	0.904804207
L1MC5	11149.70692	-0.00180256	0.998128723	8962.817724	0.024566284	NA
ORR1D1-int	15624.20856	-0.001725164	0.998128723	13930.21899	-0.016889242	NA
RLTR43B	30.80105417	-0.001714435	0.998128723	29.5603031	-0.076793766	NA
MER63B	2583.489503	-0.001710716	0.998128723	2059.604914	0.035749912	NA
L1MA8	19832.50684	-0.001445355	0.998128723	16437.79727	0.015601986	0.906595541
ORR1E	145331.7588	-0.00139812	0.998128723	119345.8947	0.004824949	0.952317802
MER74B	1754.060121	-0.001253941	0.998128723	1366.756749	0.029080944	NA
MLT1H	10680.96524	-0.001236406	0.998128723	8542.642525	0.011088933	NA
LTR29	122.5989007	-0.001128295	0.998128723	106.9192213	-0.003872212	NA
Lx3C	85782.13912	-0.001059684	0.998128723	72163.76265	-0.022289165	0.688259486
RMER17B	37569.82877	-0.000998262	0.998128723	30421.00584	-0.000344602	0.991760874
MLT1I	7327.373357	-0.000835879	0.998128723	5862.324492	0.034732326	NA
L1MB1	13094.69937	-0.00083318	0.998128723	10828.68171	0.006944207	NA
RLTR18B	15417.71353	-0.000805228	0.998128723	12371.04811	-0.013040891	NA
RLTR17	24084.06944	-0.000757727	0.998128723	19901.13928	-0.032637098	0.688259486
MER102c	1396.783118	-0.000732782	0.998128723	1076.104785	-0.046186003	NA
LTR16D	838.2551268	-0.000687898	0.998128723	624.3001945	0.000451216	NA
MTB	45744.97754	-0.000571842	0.998128723	37536.02249	0.006490971	0.952317802
L1M2b	56.18530375	-0.000261943	0.998128723	43.99920256	0.025715605	NA
L1MDa	18121.42227	-0.000151393	0.998128723	15058.3709	0.005715255	NA
MTC-int	28603.86801	-0.000140975	0.998128723	24002.49342	-0.011562244	0.906595541
MER5C1	256.3177039	-0.000131394	0.998214647	203.415482	0.077510156	NA
Tigger16b	513.5445664	-0.00010573	0.998214647	401.1840204	-0.076448271	NA
RMER30	11396.67072	0.000153655	0.998128723	9045.508629	0.023595261	NA
HAL1-3A_ME	10600.07234	0.000159589	0.998128723	8216.23986	-0.024523647	NA
RLTR14	15475.62038	0.000200489	0.998128723	12531.22545	0.040159337	NA
RLTR40	17127.67469	0.000208054	0.998128723	14767.91831	0.008830759	NA
MLT1A0	47408.15566	0.00024266	0.998128723	38167.18205	0.00697238	0.952317802
L1MB5	19860.58896	0.000319931	0.998128723	15926.77206	0.026021931	0.767403246
MLT1F1	7887.926418	0.000321143	0.998128723	6103.197521	0.003507878	NA
Cheshire	4778.826812	0.000622591	0.998128723	3824.662192	0.018725585	NA
MTEa	103540.7378	0.000715468	0.998128723	84146.3484	0.004647706	0.952317802
Charlie1	5421.424075	0.000788499	0.998128723	4293.276932	-0.030946583	NA
MER72B	227.0030646	0.000810208	0.998128723	216.9828236	-0.020973475	NA
LTR88c	501.6453392	0.000818186	0.998128723	390.7560898	-0.009492493	NA
ORR1D-int	3791.269777	0.000834664	0.998128723	3428.709575	0.005908543	NA
LTR58	33.08618371	0.000861299	0.998128723	28.61543025	-0.011268205	NA
Arthur1	5519.385165	0.000891672	0.998128723	4391.044521	0.04179416	NA
HAL1N1_MD	12.46596722	0.000943025	0.998128723	10.50283571	-0.023356087	NA
RCHARR1	39852.52824	0.001034778	0.998128723	32251.7328	0.03245443	0.688259486
L1MC3	30132.54192	0.001052739	0.998128723	24693.62088	-0.000497725	0.990130733
MER20	22099.15957	0.001065046	0.998128723	16827.44067	0.040396895	0.579767864
L1P5	557.8119581	0.001077523	0.998128723	471.8970536	0.010745396	NA
L1MA5	24746.58261	0.001096612	0.998128723	20771.2262	0.004366186	0.963707397
MamRep434	2033.638218	0.001227189	0.998128723	1626.334264	0.068430819	NA
L1M2a1	18.70337518	0.00144792	0.998128723	14.74085555	-0.031418144	NA
ORR1B1	92207.36621	0.001449555	0.998128723	78634.76274	-0.02035157	0.892371926
L1MB2	15579.30381	0.001863957	0.998128723	12384.49103	0.011720734	NA
Tigger8	554.7411557	0.001932416	0.998128723	439.2301375	-0.003819397	NA
MER20B	3543.304482	0.002193785	0.998128723	2823.719246	0.019046737	NA
RMER6A	39250.17772	0.002228575	0.998128723	35440.67699	0.028153808	0.84103005
MLT1F2	12125.64858	0.002237159	0.998128723	9563.689662	0.006197055	NA
MTA_Mm-int	47158.96151	0.002250255	0.998128723	43541.67726	-0.031549881	0.688259486
ORR1C1	44288.96956	0.002609198	0.998128723	38647.3152	-0.005471861	0.952317802
L1M5	75442.51104	0.002635312	0.998128723	62289.78627	0.008037801	0.952317802
Arthur1B	2208.231206	0.002687754	0.998128723	1813.246103	0.052220786	NA
ORR1A0	15152.60838	0.002935461	0.998128723	14864.74593	-0.037304748	NA
SRV_MM-int	3024.359219	0.00307763	0.998128723	3329.493271	-0.074830819	NA
RLTR11A2	24324.66214	0.003169322	0.998128723	19873.33392	-0.025534695	0.68476834
LFSINE_Vert	1407.627599	0.003184394	0.998128723	1057.992069	0.060513028	NA
L1ME5	801.8709167	0.003281414	0.998128723	635.3565856	0.097651407	NA
ID2	13785.0425	0.003293135	0.998128723	10167.25614	0.02615471	NA
RLTR14-int	14414.33418	0.003377019	0.998128723	12730.01412	0.015521236	NA
MER97a	304.5297022	0.003443794	0.998128723	250.9293038	0.029738324	NA
MER58B	11179.03732	0.003679445	0.998128723	8748.709965	0.022729981	NA
MTC	157773.0163	0.003691606	0.998128723	127542.6332	0.005899994	0.952317802
MER66-int	70.11950389	0.003923475	0.998128723	58.50138755	0.042969464	NA
MamRep488	113.64582	0.003925889	0.998128723	64.80514382	-0.05236397	NA
MER91C	280.8769056	0.004091662	0.998128723	234.682809	-0.027801621	NA
MurERV4-int	16247.27331	0.004108758	0.998128723	15023.39721	-0.00922614	NA
URR1A	72080.55398	0.00412433	0.998128723	57169.164	0.010645006	0.912071984
RLTR18-int	3124.015944	0.004141312	0.998128723	2697.598278	0.029248627	NA
MTE-int	35620.73456	0.004187813	0.998128723	29555.11597	0.007731599	0.952317802
MuRRS4-int	19557.47101	0.004343533	0.998128723	25285.8182	-0.082306617	0.484334221
RLTR22_Mus	8825.906436	0.004458175	0.998128723	7819.372056	0.033521671	NA
MTB_Mm	32864.82826	0.004541521	0.998128723	26248.66114	0.001567984	0.990130733
URR1B	69893.43363	0.004608708	0.998128723	54997.66797	0.02374167	0.688259486
B2_Mm2	355136.9946	0.004654691	0.998128723	271522.1182	0.037631797	0.484334221
ERVL-E-int	5973.31341	0.004781589	0.998128723	4882.818268	0.048068778	NA
MLT1E1	2849.224318	0.004890012	0.998128723	2296.504974	-0.018654273	NA
LTR16A	7145.392118	0.00490612	0.998128723	5635.353756	0.005896006	NA
L1MB7	37703.03727	0.004963242	0.998128723	30144.0865	0.013215593	0.906595541
L1MC2	12342.35201	0.004990812	0.998128723	10184.31456	0.004362007	NA
MER66C	60.83778653	0.005161246	0.998128723	38.88795041	0.024954149	NA
RMER17A2	16852.0992	0.005316687	0.998128723	14243.31252	-0.01652033	NA
MTE2a	85914.40606	0.005369804	0.998128723	73120.07825	0.006281889	0.952317802
ORR1A4	46965.15408	0.00542735	0.998128723	40782.16469	-0.000879857	0.990130733
B4A	438685.9541	0.005558496	0.998128723	333240.2373	0.010731787	0.906595541
L1MEa	801.1633289	0.005652657	0.998128723	723.1235926	-0.020492824	NA
RLTR31_Mur	4557.323773	0.005662563	0.998128723	3745.255286	-0.044147489	NA
Cheshire_Mars	12.38358142	0.005670146	0.998128723	7.051418027	-0.010906383	NA
LTR90B	361.3361268	0.005820926	0.998128723	299.5671781	0.058939701	NA
ORR1D1	106743.0744	0.005978559	0.998128723	97759.36429	0.00280562	0.990130733
MT2C_Mm	14079.09808	0.005979543	0.998128723	11598.82425	0.015859747	NA
MER2	36445.59087	0.006022049	0.998128723	29463.10327	0.015763695	0.906595541
L3	31559.12934	0.006248787	0.998128723	24769.07099	0.014260577	0.906595541
MLT1C-int	651.1978941	0.006361881	0.998128723	529.3214804	0.049446444	NA
Ricksha_b	9.419178256	0.006551489	0.998128723	9.816989008	-0.020425311	NA
B4	250156.0071	0.006570399	0.998128723	190264.4354	0.005243612	0.952317802
L1MA6	35890.47263	0.006571159	0.998128723	29976.02744	-0.001731727	0.990130733
MTD	286647.9412	0.006697888	0.998128723	232525.7039	0.009826587	0.912071984
RLTR11A	23374.78258	0.006729525	0.998128723	20000.33325	-0.011799775	0.906595541
ORR1D2-int	10575.36101	0.006740115	0.998128723	9282.20723	0.029806582	NA
HERVL32-int	4.226137467	0.007071877	0.998128723	3.875169704	0.010116578	NA
ORR1A2	88735.19623	0.007122328	0.998128723	72796.8326	-0.011119932	0.939739616
MER110	621.8326742	0.007253476	0.998128723	533.260528	0.081710811	NA
L1MD	26292.39752	0.007254055	0.998128723	21985.88461	0.005548184	0.952317802
L1_Mur1	110194.6419	0.00730501	0.998128723	106354.3519	0.001917216	0.990130733
BGLII_B	12464.50572	0.007389881	0.998128723	9996.752	0.001957803	NA
RMER13A	24941.48267	0.007490109	0.998128723	20181.44036	-0.019698914	0.904804207
L1MB4	13993.78106	0.007521535	0.998128723	11139.8762	0.013896217	NA
L1MA7	16076.60565	0.007700049	0.998128723	13491.78293	0.030303052	NA
MLT1M	1033.252966	0.007704438	0.998128723	729.2421459	-0.015032058	NA
RSINE1	375045.3455	0.007707517	0.998128723	279160.7239	0.018803734	0.688259486
LTR45C	77.51428151	0.007753145	0.998128723	61.98161283	0.006132411	NA
MER97b	267.9976835	0.007775892	0.998128723	240.0999544	-0.003226201	NA
RLTR11B	12598.72801	0.007826592	0.998128723	9949.787157	0.003296761	NA
LTR40b	2784.306216	0.008034474	0.998128723	2239.901586	-0.030035542	NA
Tigger5	16456.18755	0.008099983	0.998128723	13289.0653	0.002813466	NA
MLT1E1-int	50.15026864	0.008162233	0.998128723	48.43696188	-0.04724383	NA
LTR39	38.19453484	0.008173785	0.998128723	33.6014575	0.056203555	NA
MER3	10274.92602	0.008195165	0.998128723	8053.135558	0.03214048	NA
ORR1A4-int	19482.26864	0.008290092	0.998128723	17630.76482	-0.007467088	0.952317802
LTR52-int	263.0139963	0.008367707	0.998128723	215.2588273	-0.01284595	NA
Charlie4a	4767.722039	0.008392757	0.998128723	3767.81346	0.035603046	NA
RLTR42	1081.674324	0.008468946	0.998128723	832.2795028	0.001589121	NA
RMER10B	16911.11466	0.008506739	0.998128723	12283.00722	-0.014858866	NA
MTB_Mm-int	4331.559903	0.008631513	0.998128723	3552.248363	-0.041648637	NA
MER31-int	1118.720201	0.008643479	0.998128723	940.4482976	0.033733924	NA
ORR1A3	27154.11987	0.008704401	0.998128723	23090.54158	-0.00589636	0.952317802
L1MA4	40756.95803	0.008739501	0.998128723	34069.37159	0.026011672	0.772607371
MER58A	14545.87817	0.008907618	0.998128723	11473.78091	0.030604685	NA
LTR41B	1314.401142	0.008931389	0.998128723	952.1456118	0.022649241	NA
MLT2D	7194.610163	0.008946306	0.998128723	5827.648608	0.024171635	NA
LTRIS_Mm	5610.323779	0.008969655	0.998128723	6244.235469	-0.054045906	NA
L1MEd	4701.831979	0.009079181	0.998128723	3918.806989	-0.065516278	NA
MER33	9751.206288	0.009179588	0.998128723	7977.437237	0.028086988	NA
MER50	32.62373276	0.009184257	0.998128723	27.00470919	0.006368795	NA
B2_Mm1t	99585.06303	0.009185291	0.998128723	76492.63483	0.043471219	0.505578316
MER21B	19371.97867	0.009276013	0.998128723	15133.84592	0.009107836	NA
MLT1C	37188.01898	0.00949276	0.998128723	29464.07641	0.012862495	0.906595541
HUERS-P3b-int	6.97497268	0.009600576	0.998128723	5.98534323	0.014127225	NA
Charlie2b	3527.639054	0.009604203	0.998128723	3003.701631	0.010747623	NA
RLTR12A	6284.028428	0.009625061	0.998128723	5090.347295	-0.02074839	NA
MTA_Mm	121021.6304	0.009680169	0.998128723	103310.034	-0.008975204	0.952317802
L1_Rod	73949.05674	0.009742941	0.998128723	66033.98793	-0.005208578	0.952317802
L1MB3	29068.52542	0.009906409	0.998128723	22899.72335	0.029749571	0.661687674
MT2A	72904.43728	0.009946285	0.998128723	59039.88286	0.013698588	0.892371926
MER104	944.6589168	0.010062332	0.998128723	761.7602838	0.116398113	NA
L1MC4	28105.91579	0.01014783	0.998128723	22498.30769	0.013954915	0.920526391
L1ME2z	7032.371792	0.010256401	0.998128723	5915.004517	0.046475819	NA
LTR86C	352.3262022	0.010338064	0.998128723	289.9644681	-0.111692919	NA
B2_Mm1a	80308.19015	0.010428137	0.998128723	61760.54141	0.036563502	0.558869559
RodERV21-int	18138.28307	0.010496057	0.998128723	16327.83809	-0.016569391	0.906595541
MLT1H2	4283.112464	0.010554795	0.998128723	3328.784217	0.019797808	NA
MER92A	145.8529912	0.010610412	0.998128723	127.3220063	0.001916774	NA
MLT1J2	4587.89988	0.010630083	0.998128723	3633.858909	-0.000272126	NA
L1M4b	13603.42634	0.010700676	0.998128723	11154.05072	0.014688963	NA
L1MDb	2645.650512	0.010817294	0.998128723	2129.193759	0.047372828	NA
AluF_3	428.9285901	0.010843749	0.998128723	311.4837854	0.049578135	NA
MER50B	36.3891807	0.01101986	0.998128723	26.02863889	-0.025861362	NA
MamGypLTR1b	556.3073327	0.011034164	0.998128723	452.4386129	-0.017423764	NA
LTR16B1	1954.344261	0.011295031	0.998128723	1539.742171	-0.055895122	NA
Charlie13a	943.3633507	0.01165641	0.998128723	707.7358447	0.067485141	NA
MERVL_2A-int	36716.02364	0.011828119	0.998128723	31030.83796	0.001617138	0.990130733
MLT1A1	34227.90204	0.01212536	0.998128723	27732.81749	0.019927303	0.772607371
MLT1E2	9087.765037	0.012209094	0.998128723	7402.278762	0.038733333	NA
L1ME1	28739.82093	0.012271378	0.998128723	23394.80402	0.013194621	0.939739616
L1M4	57641.26815	0.012428883	0.998128723	47775.46024	0.011055411	0.952317802
L1MEf	17601.85335	0.012532293	0.998128723	14824.77552	0.014197437	NA
MTE2b-int	5713.934676	0.012684756	0.998128723	4800.919792	-0.022040637	NA
PB1	41142.83567	0.012746684	0.998128723	29866.14939	0.027106361	0.636430234
MLT1H1	4720.065302	0.012760272	0.998128723	3682.479792	-0.010564631	NA
MLT1A1-int	964.1589113	0.012846398	0.998128723	783.0571939	0.025606048	NA
MER81	1400.564064	0.01291581	0.998128723	1065.282419	-0.031519256	NA
Ricksha_c	1471.114676	0.013098065	0.998128723	1164.111544	0.036850334	NA
LTR48B	1469.009216	0.013326325	0.998128723	1128.480333	-0.011487529	NA
MT2B	62553.65572	0.013345097	0.998128723	48095.33702	0.020778456	0.688259486
RLTR21	17454.93588	0.013416817	0.998128723	14542.69468	0.029497713	NA
B1_Mus1	338486.5828	0.013465521	0.998128723	254578.9266	0.0221544	0.688259486
ID4_	64655.40125	0.013520678	0.998128723	47947.19349	0.028886941	0.578078726
MamGypLTR2c	396.299062	0.013807645	0.998128723	324.1667044	-0.084367742	NA
L1MEg	18995.12774	0.013927378	0.998128723	16078.87366	0.018393023	0.904804207
MLT-int	4665.654909	0.01399068	0.998128723	3777.851928	0.012225434	NA
B1_Mur2	106885.7123	0.013995136	0.998128723	78001.38167	0.032644553	0.558869559
ID4	59285.78048	0.014078236	0.998128723	44095.8805	0.033941477	0.506622449
MLT1N2-int	25.73782007	0.014126212	0.998128723	18.81583039	0.019022424	NA
MER89-int	545.5352956	0.014383448	0.998128723	451.1702861	0.048222705	NA
MamRep1161	973.1377321	0.014502364	0.998128723	768.103103	0.019349165	NA
RMER2	16326.2992	0.014518448	0.998128723	13185.6487	-0.000732199	NA
MER67C	3129.666065	0.014580392	0.998128723	2593.656112	-0.002746918	NA
L1MCb	4014.618505	0.014677442	0.998128723	3404.03543	-0.00740672	NA
MER34B-int	332.0005201	0.014816117	0.998128723	284.6039285	0.02172983	NA
ORR1A2-int	30853.84522	0.014823392	0.998128723	25895.08443	-0.012954707	0.906595541
Kanga1c	651.2772079	0.014870734	0.998128723	559.358502	0.042065894	NA
LTR81A	709.4349975	0.015005241	0.998128723	578.8887302	0.003284889	NA
Charlie10b	152.6796206	0.015469999	0.998128723	112.5257534	-0.058290749	NA
MLT1B	42413.46551	0.015678579	0.998128723	33783.34861	0.012938902	0.904804207
PB1D10	214282.9881	0.015714032	0.998128723	156539.9714	0.026426084	0.605338875
MLT1N2	2850.024613	0.015779989	0.998128723	2275.501658	0.005389938	NA
RLTR24	9300.30484	0.016033204	0.998128723	7702.178332	-0.023191049	NA
RMER4A	15235.1055	0.016145483	0.998128723	12369.68242	0.028191858	NA
MMVL30-int	13603.93119	0.016200693	0.998128723	14550.6438	0.003369738	NA
MT2_Mm	24437.12121	0.016419686	0.998128723	23295.14035	-0.010177651	0.952317802
L2a	90273.48253	0.016507692	0.998128723	70272.51604	0.02401798	0.688259486
RLTR20B2	5396.966982	0.016510865	0.998128723	4270.447739	-0.030246266	NA
LTR48	2551.416663	0.016549221	0.998128723	1967.33067	-0.039729724	NA
MTE2a-int	3696.766753	0.016793303	0.998128723	3141.970406	0.030601121	NA
B1_Mm	152551.3675	0.016989093	0.998128723	117544.3868	0.026377687	0.586430445
L1ME4a	7161.842396	0.01706033	0.998128723	5817.406593	0.040995558	NA
MER50-int	64.62000762	0.017248429	0.998128723	49.13297341	-0.026771899	NA
Ricksha	1224.455815	0.017272127	0.998128723	988.8909513	-0.00755654	NA
RMER12B	10255.68001	0.017415228	0.998128723	8407.311963	-0.002649593	NA
RLTR18	14607.96824	0.017530064	0.998128723	11610.36815	-0.014856731	NA
MER34A	3181.740326	0.017538202	0.998128723	2516.746371	0.038905006	NA
L1MEc	28625.76665	0.017551634	0.998128723	23849.65569	0.008430445	0.952317802
LTR44	14.13881603	0.017610443	0.998128723	8.970532545	-0.015938141	NA
RLTR20A	5811.536914	0.017676651	0.998128723	4412.023414	0.012513092	NA
L1MA5A	7793.259055	0.017709958	0.998128723	6527.264933	-0.011986913	NA
L1MEe	5338.235174	0.017802159	0.998128723	4625.537213	-0.024378629	NA
MLT1D	40295.13677	0.01791622	0.998128723	32021.93052	0.000372764	0.990130733
RMER5	43993.74792	0.018066451	0.998128723	35420.09722	0.021261433	0.688259486
Ricksha_0	470.4993854	0.018427232	0.998128723	368.387144	-0.035646783	NA
PB1D9	88263.77355	0.018430712	0.998128723	62457.17227	0.032231118	0.506622449
Charlie1b	3690.769866	0.018441931	0.998128723	2939.691851	0.011747538	NA
ORR1B2-int	9136.31433	0.018444164	0.998128723	7883.728519	-0.056778363	NA
B1_Mus2	252475.946	0.018502747	0.998128723	185680.8338	0.03701302	0.484334221
L1MEg1	484.3894775	0.018517752	0.998128723	367.2358087	0.016481826	NA
L1ME3B	7385.174699	0.018539252	0.998128723	6008.178533	0.021765061	NA
RLTR19C	2102.165774	0.018652865	0.998128723	1808.908865	-0.008391164	NA
MER67B	1102.317281	0.018780046	0.998128723	792.313843	-0.037699863	NA
MLT2B3	7607.899849	0.018832212	0.998128723	6153.145153	-0.00248934	NA
MLT1J	13158.11699	0.01907755	0.998128723	10521.96833	0.0402296	NA
MLT1H-int	1846.809328	0.019169105	0.998128723	1432.94311	-0.014858436	NA
Tigger12c	568.5116495	0.01925162	0.998128723	436.8937954	0.034954167	NA
LTR40a	3675.461593	0.01926408	0.998128723	2975.92117	-0.003336006	NA
LTR32	22.81565103	0.019330989	0.998128723	21.42460892	0.01692359	NA
Tigger7	25364.33667	0.019360467	0.998128723	20541.66446	0.005997541	0.952317802
LTR16B2	1928.235735	0.019382991	0.998128723	1522.369632	-0.052121625	NA
MamRep38	701.1608574	0.019383602	0.998128723	541.7863141	0.077028009	NA
MER68-int	357.1093899	0.019384788	0.998128723	276.8958246	-0.011320987	NA
RMER3D2	20.22695266	0.019416989	0.998128723	15.75664648	0.009444394	NA
MER97c	1469.733034	0.019435389	0.998128723	1230.167228	-0.054123992	NA
B1F	144272.612	0.019436974	0.998128723	105954.9726	0.037128326	0.467176595
MamGyp-int	181.913521	0.019750937	0.998128723	135.706073	0.012972273	NA
LTR83	716.8779682	0.019898471	0.998128723	560.0646366	0.00642624	NA
MER119	1875.971507	0.019994625	0.998128723	1475.115802	-0.059297282	NA
MER44B	5518.542693	0.020124312	0.998128723	4420.980471	0.011665281	NA
BGLII_Mus	3837.541712	0.020138882	0.998128723	3402.482276	-0.032079967	NA
MER63C	2946.423297	0.020222286	0.998128723	2453.696109	0.0129693	NA
L1MD2	16065.14256	0.020344688	0.998128723	13056.96014	0.020086584	NA
L1M3c	1748.632849	0.020525055	0.998128723	1525.424125	0.018506998	NA
L2	77791.91374	0.020679265	0.998128723	61240.34049	0.018328765	0.827663134
RMER3D4	12.20538265	0.020743288	0.998128723	6.269142923	-0.00971007	NA
MMAR1	2041.851966	0.021005677	0.998128723	1662.438365	0.081217836	NA
B1_Mur4	138014.8717	0.021123213	0.998128723	101000.6035	0.033678936	0.578078726
MER2B	2559.256013	0.021265485	0.998128723	2021.752185	-0.006951191	NA
ORR1E-int	13996.48977	0.02127955	0.998128723	11965.83973	0.012690185	NA
RLTR8	1838.810378	0.021332443	0.998128723	1655.252194	0.007314614	NA
ID	17904.61403	0.021339383	0.998128723	13385.06765	0.044742833	NA
ORR1A1-int	16127.0204	0.021488662	0.998128723	14273.47409	-0.012995291	NA
LTR16D1	389.2318197	0.021583317	0.998128723	302.0762756	-0.014241212	NA
FLAM_A	181.6822922	0.021625959	0.998128723	125.9266009	0.009540195	NA
L1ME3A	11120.18935	0.021627429	0.998128723	8902.4603	0.014961375	NA
LTR34	21.97801102	0.021667559	0.998128723	19.29319204	0.002751362	NA
B1F2	54292.57607	0.021760872	0.998128723	39169.76444	0.03786335	0.506622449
ERVL-int	4650.432366	0.022047947	0.998128723	3881.687142	0.060324285	NA
LTR68	431.5907561	0.022119824	0.998128723	358.4638373	-0.025545812	NA
MER96B	1443.100663	0.022200929	0.998128723	1187.386998	0.004253526	NA
LTR33	6524.700897	0.022228282	0.998128723	5034.991926	-0.033856383	NA
MER53	4831.141703	0.022237774	0.998128723	3879.783682	0.037690102	NA
PB1D7	74767.4249	0.022303937	0.998128723	55111.73414	0.036055026	0.506622449
FordPrefect_a	213.3945859	0.022311753	0.998128723	177.5644855	-0.016512829	NA
MTD-int	21314.75337	0.022345473	0.998128723	18538.11788	0.019654936	0.769015619
B1_Mur3	86381.25641	0.022352893	0.998128723	63255.67773	0.032152997	0.506622449
ID_B1	395154.9887	0.022373111	0.998128723	284396.8525	0.030576453	0.506622449
LTR28	31.87355241	0.022394182	0.998128723	29.30473299	0.006665938	NA
MT2B2	17608.53149	0.022421496	0.998128723	13971.35057	-0.016005676	NA
RMER15-int	21836.54039	0.022464985	0.998128723	18380.39687	0.003627209	0.963126228
LTR78	2572.060437	0.022528165	0.998128723	2076.366115	0.047450669	NA
B1_Mur1	129767.2515	0.022564211	0.998128723	94207.19447	0.037804337	0.505578316
Tigger13a	3063.149513	0.022691987	0.998128723	2479.419648	-0.003390165	NA
RLTR3_Mm	317.2944382	0.022822597	0.998128723	316.3346324	0.07035986	NA
RNERVK23-int	8695.455788	0.023091684	0.998128723	10397.79527	-0.046080991	NA
LTR31	980.9489498	0.023141144	0.998128723	713.5379502	-0.023786555	NA
MIRc	63772.1626	0.023196819	0.998128723	48477.11551	0.035237937	0.578078726
B1F1	65485.34156	0.023204211	0.998128723	47910.22231	0.024724239	0.758813364
HAL1	18602.29103	0.023222563	0.998128723	15123.8423	0.010369968	NA
MER49	25.97215823	0.023709297	0.998128723	18.65104573	0.005564138	NA
LTR23-int	26.6641385	0.023823642	0.998128723	29.52675611	0.03888673	NA
RMER3D3	28.5874484	0.024017537	0.998128723	18.02536745	-0.022376968	NA
MERVL-int	75510.69117	0.024028779	0.998128723	70565.91987	-0.006012312	0.952317802
MER57D	1468.441039	0.024080597	0.998128723	1177.072923	0.033882812	NA
MER54A	1530.791601	0.02418299	0.998128723	1127.453801	0.011542923	NA
ALINE	170.7789771	0.024204957	0.998128723	132.5505221	0.035769119	NA
MER5A	26551.15457	0.024353687	0.998128723	20391.94776	0.004555345	0.952317802
MER5B	15072.71529	0.024504167	0.998128723	11521.65809	0.020785607	NA
MER113	2756.949284	0.02460305	0.998128723	2202.977596	0.01571642	NA
HAL1-2a_MD	3941.85715	0.025242598	0.998128723	3362.70617	-0.015627775	NA
LTR87	947.0243682	0.025343334	0.998128723	733.9442264	-0.042040276	NA
Tigger6b	857.3858195	0.025372231	0.998128723	713.0175734	0.016335309	NA
BGLII_A	2001.947771	0.025448567	0.998128723	1741.648633	-0.000969337	NA
Kanga2_a	1649.765061	0.025474767	0.998128723	1322.576918	0.055242986	NA
MamGypLTR1d	453.1897252	0.025840787	0.998128723	364.0264114	-0.002729436	NA
MER70-int	353.3291083	0.025868811	0.998128723	278.3860301	0.016826499	NA
MER45R	1406.817827	0.02608668	0.998128723	1195.400506	0.008487397	NA
MER63D	3420.137257	0.026125545	0.998128723	2840.061981	0.03090399	NA
MER74A	3998.228743	0.026387437	0.998128723	3176.957128	0.003566394	NA
Charlie10	1548.323317	0.026424957	0.998128723	1266.756934	0.047130008	NA
LTR73	838.1670675	0.026733575	0.998128723	632.2728434	-0.03082058	NA
MLT1G1-int	306.643614	0.026900313	0.998128723	236.4364395	0.016817837	NA
MER102b	2255.341998	0.027441344	0.998128723	1760.903536	-0.073399807	NA
L1PB4	895.0835968	0.027587769	0.998128723	784.9076554	0.006466559	NA
HERV16-int	2160.869624	0.027731096	0.998128723	1768.014499	0.007071354	NA
MLT1L	6630.059842	0.027864121	0.998128723	5274.239349	0.045260115	NA
LTR89	567.2525049	0.028496901	0.998128723	480.5066658	0.003823364	NA
MIRb	133263.6716	0.02854384	0.998128723	101421.3875	0.033553304	0.605338875
MLT1J1	4449.540989	0.02855681	0.998128723	3517.713379	0.011553947	NA
L1ME3	5945.171459	0.028656019	0.998128723	4840.549099	-0.005554044	NA
RMER6B	13818.81799	0.028781502	0.998128723	11445.58646	0.018030431	NA
L2c	38579.83655	0.028781842	0.998128723	29678.13126	0.044727626	0.506622449
MER113A	598.4924915	0.028820139	0.998128723	469.3207324	-0.024680594	NA
MTEb-int	5762.754258	0.028936105	0.998128723	4723.4614	0.006772929	NA
MER106B	675.7418606	0.028956767	0.998128723	589.927995	0.03401528	NA
L1ME2	14249.47818	0.029006612	0.998128723	11707.91223	0.041236621	NA
MER46C	2918.410272	0.029847258	0.998128723	2264.781056	0.091723234	NA
RMER10A	26929.35829	0.030122085	0.998128723	19488.80776	0.006335272	0.952317802
RLTR30	2524.428014	0.030318985	0.998128723	2129.060951	-0.016355453	NA
MIR	137680.2593	0.030551027	0.998128723	105669.5797	0.035713945	0.578078726
LTR80B	519.8922577	0.030858212	0.998128723	419.7961669	0.053385032	NA
Charlie15a	784.7975923	0.030913476	0.998128723	561.8741697	0.015984009	NA
Charlie22a	671.4725982	0.031626159	0.998128723	521.0397657	-0.002011555	NA
MLT2C1	3895.782665	0.031876415	0.998128723	3135.873686	0.019906607	NA
MER102a	1643.866771	0.031905333	0.998128723	1296.102153	-0.023096768	NA
Arthur1A	506.6538985	0.032041201	0.998128723	367.8506738	-0.020545387	NA
MER44D	2959.362711	0.032136043	0.998128723	2306.130418	0.022898484	NA
Charlie23a	545.5063144	0.032188071	0.998128723	433.5489246	0.051377691	NA
CR1_Mam	1052.195331	0.032493902	0.998128723	838.5956179	0.005432243	NA
MER91A	1119.013434	0.032498451	0.998128723	830.128947	0.034253432	NA
LTR82A	1699.845817	0.032905442	0.998128723	1353.707814	0.005579431	NA
MLT1E2-int	226.7153396	0.033016339	0.998128723	187.5205741	-0.032134268	NA
Kanga1a	781.6385965	0.033118755	0.998128723	604.0603862	-0.021880261	NA
Charlie4	498.4256769	0.033637479	0.998128723	434.0514111	0.053360519	NA
L4	12898.21783	0.033898432	0.998128723	10484.65119	0.04041734	NA
MLT1G	4219.247291	0.034332392	0.998128723	3363.844484	0.018429687	NA
MLT2C2	2825.882174	0.034996168	0.998128723	2349.986037	-0.012272033	NA
Zaphod	3692.873161	0.035085254	0.998128723	3011.249685	0.014175128	NA
RMER20A	10462.4182	0.035216936	0.998128723	8587.884966	0.008231244	NA
MIRm	23788.4555	0.035379349	0.998128723	17786.47538	0.050228427	0.484334221
L1M6	1579.826998	0.035476342	0.998128723	1278.43168	0.019155202	NA
RLTR31A_Mm	7551.787371	0.035698072	0.998128723	6417.012876	0.015110086	NA
L2b	42832.07016	0.036034897	0.998128723	32458.81582	0.034867542	0.605338875
Alu	74.69905303	0.036041914	0.998128723	48.31752671	0.034350811	NA
MER5C	819.3123546	0.036117434	0.998128723	688.2101153	-0.021254896	NA
MER4B-int	209.0980043	0.036662381	0.998128723	173.0953117	-0.002730701	NA
MIR3	27589.22081	0.036947073	0.998128723	20514.0438	0.054697797	0.506622449
MLT1J1-int	379.5983815	0.037573815	0.998128723	307.2464859	-0.076404736	NA
MLT1E3-int	52.8195071	0.037815092	0.998128723	51.8240568	-0.040061796	NA
RMER21B	6684.554665	0.037824456	0.998128723	5217.055666	-0.000237946	NA
RLTR33	12785.97369	0.038392449	0.998128723	11032.32874	-0.020653744	NA
MLT2B1	8431.069194	0.03861813	0.998128723	6791.273565	0.011313508	NA
MER44A	2433.613337	0.038686845	0.998128723	2019.60042	0.01833597	NA
Charlie20a	780.1945701	0.039378227	0.998128723	633.2002454	0.065944948	NA
MLT1K	12207.35864	0.039553178	0.998128723	9488.056392	0.025188758	NA
RMER17C-int	13235.27592	0.040174842	0.998128723	11060.83011	0.00199375	NA
MER34-int	357.7207563	0.040183028	0.998128723	281.4759776	-0.041425069	NA
MLT1E-int	40.53411094	0.040944339	0.998128723	34.32681162	0.009704784	NA
FordPrefect	2123.29302	0.041514493	0.998128723	1709.395049	-0.001552317	NA
RLTR20C	6797.855957	0.042068831	0.998128723	5448.939643	-0.024073538	NA
Tigger15a	2901.848817	0.042098497	0.998128723	2307.860336	-0.006897203	NA
LTR88a	230.2020036	0.042187932	0.998128723	194.8306214	0.0565772	NA
MER73	661.9213135	0.04341537	0.998128723	565.9292668	-0.0225906	NA
L1M3de	901.7200774	0.043649841	0.998128723	784.4577452	0.006194897	NA
LTR79	1530.068081	0.04395853	0.998128723	1225.936842	-0.037258513	NA
LTR85a	917.6628409	0.044314097	0.998128723	726.0410749	0.010611864	NA
AmnSINE1	1829.980494	0.044607393	0.998128723	1379.27242	0.002315903	NA
LTR33A_	2188.552574	0.044951367	0.998128723	1694.081467	0.028425379	NA
LTR85c	529.5357668	0.04617945	0.998128723	426.0133662	0.05452892	NA
MADE2	467.6449365	0.046999803	0.998128723	397.2314352	0.089154958	NA
L1M2a	1123.486846	0.047845977	0.998128723	957.8703812	-0.061917648	NA
MER92B	1212.334006	0.04800996	0.998128723	965.1238165	0.017336975	NA
Charlie5	5457.868732	0.048056772	0.998128723	4384.381632	0.035500369	NA
Charlie9	712.9963854	0.048835329	0.998128723	555.3024666	0.000996626	NA
LTR16C	5767.318426	0.04903782	0.940706763	4617.048568	0.004432161	NA
ORSL-2b	969.3870692	0.049708832	0.998128723	731.2252617	0.041291347	NA
RLTR19A	939.4442195	0.050739701	0.998128723	781.0229379	-0.000890175	NA
MamSINE1	1476.186227	0.0507861	0.998128723	1120.652456	0.021560639	NA
Charlie8	3026.004272	0.051016656	0.998128723	2238.698848	0.037418557	NA
MER5A1	12258.21114	0.051509637	0.822015999	9380.466457	0.041336168	NA
MER106A	422.9219001	0.052120681	0.998128723	336.0472197	0.012311796	NA
MLT2F	2746.21969	0.053007965	0.998128723	2197.994798	-0.016354182	NA
MER31B	2705.711561	0.053176295	0.998128723	2151.014155	0.015005741	NA
MLT2E	551.1897687	0.054878568	0.998128723	473.4423349	0.008092809	NA
MER31A	3635.721609	0.055195197	0.940706763	2981.266163	-0.004842625	NA
MER68	4491.808728	0.055783152	0.940706763	3366.866008	-0.010487824	NA
MER96	347.1854684	0.055926392	0.998128723	265.6783119	0.068449624	NA
LTR16E2	1901.029148	0.056653811	0.998128723	1512.344225	-0.02699823	NA
MER90a	2991.133633	0.0581697	0.998128723	2474.617151	0.045992257	NA
RLTR20D	6894.69559	0.059569549	0.856499124	5625.097178	-0.006937901	NA
MER89	3340.988888	0.061004604	0.940706763	2718.893906	-0.001159548	NA
MLT1F1-int	529.8616599	0.062175082	0.998128723	460.9822515	-0.034470879	NA
LTR52	1014.401647	0.06656282	0.998128723	821.0234331	0.04365259	NA
MER65-int	183.1882187	0.068172761	0.940706763	143.3600798	-0.007828414	NA
MER21-int	553.7562488	0.068909846	0.998128723	421.8032121	0.034053455	NA
L1M3a	621.1882828	0.069119747	0.998128723	538.1892903	0.016740201	NA
MER103	2021.644779	0.069577427	0.88900901	1604.420664	0.02302409	NA
MER112	1167.75486	0.070573723	0.966766799	918.4750259	0.072262457	NA
MamRep1879	332.679252	0.071406013	0.998128723	266.1521586	0.029842622	NA
Kanga11a	909.8368826	0.071953461	0.966766799	757.6564732	0.026766433	NA
LTR86A2	301.3559106	0.073716709	0.980282681	244.9501519	0.000719834	NA
MamRep4096	691.5328484	0.075661791	0.940706763	538.2082257	-0.006886304	NA
ORSL-2a	294.8285303	0.07574035	0.940706763	237.8579733	-0.024157011	NA
MLT1H2-int	397.7750341	0.076012816	0.962770387	316.7609491	-0.037941038	NA
Charlie4z	1330.095377	0.077533971	0.88900901	1005.467822	0.047124623	NA
LTR88b	709.1934984	0.080958712	0.904010434	522.031084	-0.011656765	NA
MER52-int	1001.763151	0.08200998	0.871195255	980.7782668	-0.070801363	NA
MER74C	549.0338694	0.083960018	0.88900901	448.3942744	0.004783079	NA
Arthur1C	565.2486572	0.093145009	0.805892716	452.9720505	0.063238274	NA
Charlie11	236.4811166	0.099911261	0.581479385	207.6609921	-0.08600305	NA
LTR85b	478.8138599	0.104422799	0.546904388	388.5560021	-0.008543286	NA
FAM	569.9913981	0.119597793	0.342936692	427.7582742	0.036109345	NA
