Repeat	AW146154	Gm13051	Gm13139	Gm13150	Gm13152	Gm13154	Gm13157	Gm13225	Gm13251	Gm14295	Gm14399	Gm14401	Gm14419	Gm14420	Gm14443	Gm21082	Gm30910	Gm4631	Gm8893	LOC102	Rex2	Zfp273	Zfp429	Zfp456	Zfp457	Zfp458	Zfp46	Zfp493	Zfp534	Zfp58	Zfp595	Zfp599	Zfp600	Zfp617	Zfp661	Zfp712	Zfp738	Zfp759	Zfp808	Zfp810	Zfp874a	Zfp874b	Zfp882	Zfp92	Zfp931	Zfp935	Zfp938	Zfp953	Zfp961
LINE:L1:HAL1-2a_MD	1	1	1	1	1	1	1	1	1	1	1	1	1	4.04385376744186e-10	1	1	1	1	1	1	1	1	1	1	1	1	1	1	1	1	1	1	1	1	1	1	1	1	1	1	1	1	1	1	1	1	1	1	1
LINE:L1:L1Md_Gf	1	1	1	1	1	1	1	1	1	1	1	1	1.25064586865672e-09	1	1	1	1	1	1	1	1	1	1	1	1	1	1	1	1	1	1	1	1	1	1	1	1	1	1	1	1	1	1	1	1	1	1	1	1
LINE:L1:L1Md_T	1	1	1	1	1	1	1	1	1	3.86776657647059e-07	1	1	1.99549267272727e-32	1	1	1	1	1	1	1	1	1	1	1	1	1	1	1	1	1	1	1	1	1	1	1	1	1	1	1	1	1	1	1	1	1	1	1	1
LINE:L1:L1_Mur2	1	1	1	1	1	1	1	1	1	1	1	1	1	1	1	1	1	1	1	1	1	1	1	1	1	1	1	1	1	1	1	1	1	1	1	1	1	1	6.89724572727273e-07	1	1	1	1	1	1	1	1	1	1
LINE:L1:Lx8	1	1	1	1	1	1	1	1	1	1	1	1	1	1	1	1	1	1	1	1	1	1	1	1	1	1	1	1	1	1	1	1	1	1	1	1	1	1	1	0.0976059688709677	1	1	9.53972270588235e-12	1	1	1	1	1	1
LINE:L1:Lx9	1	1	1	1	1	1	1	1	1	1	1	1	1	1	1	1	1	1	1	1	1	1	1	1	1	1	1	1	1	1	1	1	1	1	1	1	1	1	1	1.54157906933333e-07	1	1	1	1	1	1	1	1	1
LINE:L2:L2b	1	1	1	1	1	1	1	1	1	1	1	1	1	1	1	1	1	1	1	1	1	1	1	1	1	1	2.63444488125e-06	1	1	1	1	1	1	1	1	1	1	1	1	1	1	1	1	1	1	1	1	1	1
LTR:ERV1:LTRIS2	1	1	4.37170292881356e-45	1	1	1	1	1	1	1	1	1	1	1	1	1	1	1	1	1	1	1	1	1	1	1	1	1	1	1	1	1	1	1	1	1	1	1	1	1	1	1	1	1	1	1	1	1	1
LTR:ERV1:LTRIS4	1	1	1	1	1	1	1	1	1	1	1	1	1	1	1	1	1	1	1	1	1	1	1.60827872592593e-57	1	1	1	1	1	1	1	1	1	1	1	1	1	1	1	1	1	1	1	1	1	1	1	1	1	1
LTR:ERV1:MMERGLN-int	1	1	1	1	1	1	1	1	1	1	1	1	1	1	1	1	7.06546791363636e-75	1	1	1	1	1	1	1	1	1	1	1	1	1	1	1	1	1	1	1	1	1	1	1	1	1	1	1	1	1	1	1	1
LTR:ERV1:MURVY-int	1	1	1	1	1	1	1	1	1	1	1	1	1	1	1	1	3.33729742330097e-18	1	1	1	1	1	1	1	1	1	1	1	1	1	1	1	1	1	1	1	1	1	1	1	1	1	1	1	1	1	1	1	1
LTR:ERV1:MuRRS4-int	1	1	1	1	1	1	1	1	1	1	1	1	1	1	1	1	5.6045808e-43	1	1	1	1	1	1	1	1	1	1	1	1	1	1	1	1	1	1	1	1	1	1	1	1	1	1	1	1	1	1	1	1
LTR:ERV1:RLTR1D	1	1	1	1	1	1	1	1	1	1	1	1	1	1	1	1	1	1	1	1	1	1	0.00329329	1	1	1	1	1	1	1	1	1	1	1	1	1	1	1	1	1	1	1	1	1	8.5437352e-198	1	1	1	1
LTR:ERV1:RLTR23	1	1	1	1	4.4933809257732e-19	1	1	1	1	1	1	1	1	1	1	1	1	1	1	1	1	1	1	1	1	1	1	1	1	1	1	1	1	1	1	1	1	1	1	1	1	1	1	1	1	1	1	1	1
LTR:ERV1:RLTR6-int	1	1	1	1	1	1	1	1	1	1	1	1	1	1	1	1	2.91809611527778e-08	1	1	1	1	1	1	1	1	1	1	1	1	1	1	1	1	1	1	1	1	1	1	1	1	1	1	1	1	1	1	1	1
LTR:ERV1:RLTR6_Mm	1	1	1	1	1	1	1	1	1	1	1	1	1	1	1	1	1	1	1	1	1	1	5.01963927111111e-72	1	1	1	1	1	1	1	1	1	1	1	1	1	1	1	1	1	1	1	1	1	1	1	1	1	1
LTR:ERVK:ETnERV-int	1	1.26492275e-40	1	1	1	1	1	1	1	1	1	1	1	1	1	1	1	1	1	1	0.0254602874324324	1	1	1	1	1	1	1	1	1	1	1	1	1	1	1	1	1	1	1	1	1	1	1	1	1	1	1	4.75139232195122e-84
LTR:ERVK:ETnERV2-int	1	0	1.63258063255814e-23	1	1	0.00592274025	1	1	1	1	1	0.218185886231884	1	1	1	1	1	1	1	1	1	1	1	1	1	1	1	2.26774316363636e-13	1	1	1	1	1	1	1	1	1	1	3.1159492e-67	1	1	1	1	1	1	1	1	1	1.42645212830189e-58
LTR:ERVK:ETnERV3-int	1	4.77220855681818e-05	1	1	1	1.65245135151515e-18	0.181645631685393	1	1	1	1	1	1	4.45023005945946e-13	1	1	1	1	1	1	1	1	1	1	1	1	1	1	1	0.29883988409894	1	1	1	1	1	1	1	1	8.10875133939394e-39	1	1	1	1	1	1	1	1	1	1.10792308421053e-09
LTR:ERVK:IAPEY2_LTR	1	1	1	1	1	1.03298104e-16	1	1	1	1	1	1	1	1	1	1	1	1	1	1	1	1	1	1	1	1	1	1	1	1	1	1	1	1	1	1	1	1	1	1	1	1	1	1	1	1	1	1	1
LTR:ERVK:IAPEY3-int	1	1	1	1	1	1	1	1	1	0.21185584875	1	1	4.266472e-21	1	1	1	1	1	1	1	1	1	1	1	1	1	1	1	1	1	1	1	1	1	1	1	1	1	3.71747401103448e-08	1	1	1	1	1	1	1	1	1	1
LTR:ERVK:IAPEY3_LTR	1	1	1	1	1	0.643020137003058	1.17741921818182e-11	1	1	1	1	1	1	1	1	1	1	1	1	1	1	1	1	1	1	1	1	1	1	1	1	1	1	1	1	1	1	1	1	1	1	1	1	1	1	1	1	1	1
LTR:ERVK:IAPEY_LTR	1	1	1	1	1	1.6218995e-18	1	1	1	1	1	1	1	1	1	1	1	1	1	1	1	1	1	1	1	1	1	1	1	1	1	0.643020137003058	1	1	1	1	1	1	1	1	1	1	1	1	1	1	1	1	1
LTR:ERVK:IAPEy-int	1	1	1	1	1	1	1	1	1	1	1	1	2.26619281265823e-28	0.746484885714286	1	1	1	1	1	1	1	1	1	1	1	1	1	1	1	1	1	1	1	1	1	1	1	1	0.000243806013480663	1	1	1	1	1	0.643020137003058	1	1	1	1
LTR:ERVK:IAPEz-int	1	1	1	1	1	1	1	1	1	1	2.37363436470588e-117	0	0	0.0360428630837004	1.07241460138507e-314	1	1	1.79054128842105e-208	0	1	1	1	1	1	1	1	1	1	1	1	1	1	1	1	1	1	1	1	1	1	1	1	1	1	1	1	1	1	1
LTR:ERVK:IAPLTR1_Mm	1	1	1	0.00133395901333333	1	1	1	1	1	1	0.806671612034384	1	2.49482218461538e-05	0.0661169831355932	1	0	1	1	1	1	1	1	1	1	1	1	1	1	1	1	1	1	1	1	1	1	1	1	1	1	1	1	1	1	1	1	1	1	1
LTR:ERVK:IAPLTR1a_Mm	1	1	1	3.35301042631579e-94	1	1	1	1	1	1	1	1	2.78690997254902e-18	1	1	0	1	1	1	1	1	1	1	1	1	1	1	1	1	1	1	1	1	1	1	1	1	1	1	1	1	1	1	1	1	1	1	1	1
LTR:ERVK:IAPLTR2_Mm	1	1	1	1	1	1	1	1	1	1	1	1	1	1	1	1.51611096e-39	1	1	1	1	1	1	1.3964986672e-173	1	1	1	1	1	1	1	1	1	1	1	1	1	1	1	1	1	1	1	1	1	1	1	1	1	1
LTR:ERVK:IAPLTR2a	1	1	1	1	1	1	1	1	1	1	1	1	1	1	1	2.33229212794118e-09	1	1	1	1	1	1	0.44503265050505	1	1	1	1	1	1	1	1	1	1	1	1	1	1	1	1	1	1	1	1	1	1	1	1	1	1
LTR:ERVK:IAPLTR2b	1	1	1	1	1	1	1	1	1	1	1	1	1	1	1	3.34146770114943e-23	1	1	1	1	1	1	1	1	1	1	1	1	1	1	1	1	1	1	1	1	1	1	1	1	1	1	1	1	1	1	1	1	1
LTR:ERVK:IAPLTR3	1	1	1	1	1	1	9.8020286e-12	1	1	1	1	1	1	1	1	1	1	1	1	1	1	1	1	1	1	1	1	1	1	1	1	1	1	1	1	1	1	1	1	1	1	1	1	1	1	1	1	1	1
LTR:ERVK:IAPLTR4	1	1	1	1	1	1	0	1	1	1	1	1	1	1	1	1	1	1	1	1	1	1	1	1	1	1	1	1	1	1	1	1	1	1	1	1	1	1	1	1	1	1	1	1	1	0.611259246728972	1	1	1
LTR:ERVK:IAPLTR4_I	1	1	1	1	1	1	0.00103319023626943	1	1	1	1	1	6.75053166666667e-80	1	1	1	1	1	1	1	1	1	1	1	1	1	1	1	1	1	1	1	1	1	1	1	1	1	1	1	1	1	1	1	1	1	1	1	1
LTR:ERVK:MMERVK10C-int	1	1	1.25314823283582e-38	1	1	1	1	1	1	1	1	1	1	1	1	1	1	0.00308327014925373	1	1	1	1	1	1	1	1	1	1	1	1	1	1	1	1	1	1	1	1	1.84954588e-113	1	1	1	1	1	0.02769892125	1	1	1	1
LTR:ERVK:MMETn-int	1	0	1	1	1	1	1	1	1	1	1	1	1	1	1	0.0882581925619835	1	1	1	1	1.3785758e-166	1	1	1	1	1	1	1	1	1	1	1	0.592885759375	1	1	1	6.78347943558282e-06	1	1	1	1	1	1	1	1	1	1	1	5.07685602666667e-140
LTR:ERVK:MMTV-int	1	1	1	1	1	1.923638325e-17	1	1	1	1	1	1	1	1	1	1	1	1	1	1	1	1	1	1	1	1	1	1	1	1	1	1	1	1	1	1	1	1	1	1	1	1	1	1	1	1	1	1	1
LTR:ERVK:MYSERV6-int	2.43856993333333e-31	1	1	1	1	1	1	1	1	1	1	1	1	1	1	1	1	1	1	1	1	1	1	1	1	1	1	1	1	1	1	1	1	1	1	1	1	1	1	1	1	1	1	1	1	1	1	1	1
LTR:ERVK:MurERV4-int	3.29350385e-144	1	1	1	1	1	1	1	1	1	1	1	1	1	1	1	1	1	1	1	1	1	1	1	1	1	1	1	1	1	1	1	1	1	1	1	1	1	1	1	1	1	1	1	1	1	1	1	1
LTR:ERVK:MurERV4_19-int	1.69903825e-37	1	1	1	1	1	1	1	1	1	1	1	1	1	1	1	1	1	1	1	1	1	1	1	1	1	1	1	1	1	1	1	1	1	1	1	1	1	1	1	1	1	1	0.496650338410596	1	1	1	1	1
LTR:ERVK:RLTR10	1	1	1	1	1	1	1	1	4.96451905691057e-11	1	1	1	1	1	1	1	1	1	1	1	1	1	1	1	1	1	1	1	1	1	1	1	1	1	1	1	1	1	1	1	1	1	1	1	1	2.87033358181818e-08	1	1	1
LTR:ERVK:RLTR13A	1	1	1	1	3.5334756275e-259	1	1	1	1	1	1	1	1	1	1	1	1	1	1	1	1	1	1	1	1	1	1	1	1	1	1	1	1	1	1	1	1	1	1	1	1	1	1	1	1	1	1	1	1
LTR:ERVK:RLTR13A2	1	1	1	1	1.60967271111111e-42	1	1	1	1	1	1	1	1	1	1	1	1	1	1	1	1	1	1	1	1	1	1	1	1	1	1	1	1	1	1	1	1	1	1	1	1	1	1	1	1	1	1	1	1
LTR:ERVK:RLTR13A3	1	1	1	1	3.53479793333333e-174	1	1	1	1	1	1	1	1	1	1	1	1	1	1	1	1	1	1	1	1	1	1	1	1	1	1	1	1	1	1	1	1	1	1	1	1	1	1	1	1	1	1	1	1
LTR:ERVK:RLTR13B1	1	1	1	1	0	1	1	1	1	1	1	0.0122229465046729	0.555553786666667	1	1	1	1	1	1	0.868163149575071	1	1	1	1	1	1	1	1	1	1	1	1	1	1	1	1	1	1	1	1	1	1	1	1	1	1	1	1	1
LTR:ERVK:RLTR13B2	1	1	1	1	8.28016162580645e-131	1	1	1	1	1	1	1	1	1	1	1	1	1	1	1	1	1	1	1	1	1	1	1	1	1	1	1	1	1	1	1	1	1	1	1	1	1	1	1	1	1	1	1	1
LTR:ERVK:RLTR13B3	1	1	1	1	1.59152397444444e-221	1	1	1	1	1	1	1	1	1	1	1	1	1	1	1	1	1	1	1	1	1	1	1	1	1	1	1	1	1	1	1	1	1	1	1	1	1	1	1	1	1	1	1	1
LTR:ERVK:RLTR13B4	1	1	1	1	4.09805032e-261	1	1	1	1	1	1	1	1	1	1	1	1	1	1	1	1	1	1	1	1	1	1	1	1	1	1	1	1	1	1	1	1	1	1	1	1	1	1	1	1	1	1	1	1
LTR:ERVK:RLTR13C2	1	1	1	1	3.97818401842105e-33	1	1	1	1	1	1	3.8590903203125e-10	1	1	1	1	1	1	1	1	1	1	1	1	1	1	1	1	1	1	1	1	1	1	1	1	1	1	1	1	1	1	1	1	1	1	1	1	1
LTR:ERVK:RLTR13D1	1	1	1	1	4.8343723037037e-156	1	1	1	1	1	1	1	1	1	1	1	1	1	1	3.35190135e-61	1	1	1	1	1	1	1	1	1	1	1	1	1	1	1	1	1	1	1	1	1	1	1	1	1	1	1	1	1
LTR:ERVK:RLTR13D6	1	1	1	1	1.81977501034483e-141	1	1	1	1	1	1	0.00935396039622641	1	1	1	1	1	1	1	7.80714191463415e-06	1	1	1	1	1	1	1	1	1	1	1	1	1	1	1	1	1	1	1	1	1	1	1	1	1	1	1	1	1
LTR:ERVK:RLTR25A	1	1	1	0.396972747440273	1	1	1	1	1	1	1	1	1	1	1	1	1	1	1	1	1	1	1	1	1	1.756243125e-12	1	1	1	0.745393559064327	1	1	1	1	1	1	1	1	1	1	1	1	1	1	1	1	1	1	1
LTR:ERVK:RLTR25B	1	1	1	1	1	1	1	1	1	1	1	1	1	1	1	1	1	1	1	1	1	1	1	1	1	5.4441933e-09	1	1	1	1	1	1	1	1	1	1	1	1	1	1	1	1	1	1	1	1	1	1	1
LTR:ERVK:RLTR3_Mm	1	1	1	1	1	1	1	1	1	1	1	1	1	1	1	1	1	1	1	1	1	1	1	1	1	1	1	1	1	1	1	1	1	1	1	1	1	1	1	1	1	1	1	1	1	1	1	1	1.51531526577181e-07
LTR:ERVK:RLTR45-int	1	5.3765274676259e-09	1	1	1	1	1	1	1	1	1	1	1	1	1	1	1	1	1	1	1	1	1	1	1	1	1	1	1	1	1	1	1	1	1	1	1	1	1.17392580117647e-61	1	1	1	1	1	1	1	1	1	1.277077984e-62
LTR:ERVK:RLTR45	1	1	1	1	1	1	1	1	1	1	1	1	1	1	1	1	1	1	1	1	1	1	1	1	1	1	1	1	1	1	1	1	1	1	1	1	1	1	1	1	1	1	1	1	1	1	1	1	7.11217577777778e-22
LTR:ERVK:RLTR9D	1	1	1	1	1	2.76285854634146e-25	1	1	1	1	1	1	1	1	1	1	1	1	1	1	1	1	1	1	1	1	1	1	1	1	1	1	1	1	1	0.112755244110672	1	1	1	0.002911028848	1	1	1	1	1	1	1	1	1
LTR:ERVK:RLTR9E	1	1	1	1	1	2.61388603411765e-253	1	1	1	1	1	2.09651345046729e-16	1	1	1	1	1	1	1	1.3255215037037e-09	1	1	1	1	1	1	1	1	1	1	1	1	1	1	1	1	1	1	1	1	1	1	1	1	1	1	1	1	9.53972270588235e-12
LTR:ERVK:RLTRETN_Mm	1	1	1	1	1	1	1	1	1	1	1	1	1	1	1	1	1	1	1	1	1	1	1	1	1	1	1	1	1	1	1	1	1	1	1	1	1	1	1	1	1	1	1	1	1	1	1	1	1.93202875478261e-175
LTR:ERVK:RMER16-int	1	1	8.8332881e-272	1	1	1	1	1	1.92128895929204e-12	1	1	1	1	1	1	1	1	1	1	1	1	1	1	1	1	1	1	0.000878397785416667	1	1	1	1	1	1	1	1	1	1	0	1	1	1	1	1	1	1	1	1	1
LTR:ERVK:RMER19B	1	1	1	1	1	3.75897110708661e-10	1	1	1	1	1	1	1	1	1	1	1	1	1	1	1	1	1	1	1	1	1	1	1	1	1	1	1	1	1	1	0.00286929959899497	1	1	1	1	1	1	1	1	1	1	1	1
LTR:ERVK:RMER19C	1	1	1	1	1	1	1	1	1	1	1	1	1	1	1	1	1	1	1	1	1	1	1	1	1	1	1	1	1	1	1	1	1	1	1	1	1	1	1	1	2.011212203e-199	2.18698069859155e-08	1	1	1	1	1	1	1
LTR:ERVK:RMER3D-int	1	1	1	1	1	1	1	1	1	1	1	1	1	1	1	1	1	1	1	1	1	1	1	1	1	1	1	1	1	1	1	1	1	1	1	1	1	1.21838423777778e-109	1	1	1	1	1	1	1	1	1	1	1
LTR:ERVK:RMER6A	1	1	1	1	1	1	1	1	1	1	1	1	1	1	1	1	1	1	1	1	1	1	1	1	1	1	1	1	1	1	1	1	1	1	1	1	1	1	1	1	1	1	1	1	1	1	6.31454805172414e-12	1	1
LTR:ERVK:RMER6C	1	1	1	1	1	1	1	1	1	1	1	1	1	1	1	1	1	1	1	1	1	1	1	1	1	1	1	1	1	1	1	1	1	1	1	1	1	1	1	1	1	1	1	1	1	1	4.22081685277778e-34	1	1
LTR:ERVL:RMER10A	1	1	1	1	1	1	1	1	3.24293358360656e-11	1	1	1	1	1	1	1	1	1	1	1	1	1	1	1	1	1	1	1	1	1	1	1	1	1	1	1	1	1	1	1	1	1	1	1	1	1	1	1	1
LTR:Gypsy:MamGypLTR3	1	1	1	1	1	1	1	1	1	1	1	1	1	1	1	1	1	1	1	1	1	1	1	1	1	1	1	1	1	1	1	1	1	1	2.4345867572327e-06	1	1	1	1	1	1	1	1	1	1	1	1	1	1
LTR:MaLR:MTA_Mm	1	1	1	1	1	1	1	1	1	1	1	1	1	1	1	1	1	1	1	1	1	1	1	1	1	1	1	1	1	1.07521835909091e-09	1	1	1	1	1	1	1	1	1	1	1	1	1	1	1	1	1	1	1
LTR:MaLR:MTC	1	1	1	1	1	1	1	1	1	1	1	1	1	1	1	1	1	1	1	1	1	1	1	1	1	1	1	1	1	9.02013781290323e-43	1	1	1	1	1	1	1	1	1	1	1	1	1	1	1	1	1	1	1
LTR:MaLR:MTE2a	1	1	1	1	1	1	1	1	1	1	1	1	1	1	1	1	1	1	1	1	1	1	1	1	1	1	1	1	1	1	1	1	1	1	1	5.48703946575343e-08	1	1	1	1	1	1	1	1	1	1	1	1	1
LTR:MaLR:MTE2b	1	1	1	1	1	1	1	1	1	1	1	1	1	1	1	1	1	1	1	1	1	1	1	1	1	1	1	1	1	1	1	1	1	1	1	8.70807568484848e-06	1	1	1	1	1	1	1	1	1	1	1	1	1
LTR:MaLR:MTEa	1	1	1	1	1	1	1	1	1	1	1	1	1	1	1	1	1	1	1	1	1	1	1	1	1	1	1	1	1	1	1	1	1	1	1	3.68170913157895e-12	1	1	1	1	1	1	1	1	1	1	1	1	1
LTR:MaLR:MTEb	1	1	1	1	1	1	1	1	1	1	1	1	1	1	1	1	1	1	1	1	1	1	1	1	1	1	1	1	1	1	1	1	1	1	1	1.37849903333333e-06	1	1	1	1	1	1	1	1	1	1	1	1	1
LTR:MaLR:ORR1A0	1	1	1	1	1	1	1	1	1	1	1	1	1	1	1	1	1	1	1	1	1	1	1	1	1	1	1	1	1	1	1	0.666000183333333	1	2.25667480606061e-117	1	1	1	1	1	1	1	1	1	1	1	1	1	1	1
LTR:MaLR:ORR1A1	1	1	1	1	1	1	1	1	1	1	1	1	1	1	1	1	1	1	1	1	1	1	1	1	1	1	1	1	1	1	1	0.00606515435406699	1	2.701246275e-89	1	1	1	1	1	1	1	1	1	1	1	1	1	1	1
LTR:MaLR:ORR1A2	1	1	1	1	1	1	1	1	1	1	1	1	1	1	1	1	1	1	1	1	1	1	1	1	1	1	1	1	1	1	1	1.02377667480916e-09	1	0	1	1	1	1	1	1	1	1	1	1	1	1	1	1	1
LTR:MaLR:ORR1A3	1	1	1	1	1	1	1	1	1	1	1	1	1	1	1	1	1	1	1	1	1	1	1	1	1	1	1	1	1	1	1	1	1	2.01358966666667e-90	1	1	1	1	1	1	1	1	1	1	1	1	1	1	1
LTR:MaLR:ORR1A4	1	1	1	1	1	1	1	1	1	1	1	1	1	1	1	1	1	1	1	1	1	1	1	1	1	1	1	1	1	1	1	6.61027086086957e-37	1	1.99296640540541e-33	1	1	1	1	1	1	1	1	1	1	1	1	1	1	1
LTR:MaLR:ORR1B1	1	1	1	1	1	1	1	1	1	1	1	1	1	1	1	1	1	1	1	1	1	1	1	1	1	1	1	1	1	1	1	6.00848512727273e-177	1	1.08066725709091e-55	1	1	1	1	1	1	1	1	1	1	1	1	1	1	1
LTR:MaLR:ORR1B2	1	1	1	1	1	1	1	1	1	1	1	1	1	1	1	1	1	1	1	1	1	1	1	1	1	1	1	1	1	1	1	1.0713885e-62	1	6.91155888888889e-12	1	1	1	1	1	1	1	1	1	1	1	1	1	1	1
LTR:MaLR:ORR1C1	1	1	1	1	1	1	1	0.559623188012618	1	1	1	1	1	1	1	1	1	1	1	1	1	1	1	1	1	1	1	1	1	1	1	1.43031434e-34	1	6.99035191891892e-08	1	1	1	1	1	1	1	1	1	1	1	1	1	1	1
LTR:MaLR:ORR1C2	1	1	1	1	1	1	1	1	1	1	1	1	1	1	1	1	1	1	1	1	1	1	1	1	1	1	1	1	1	1	1	4.19583996481481e-16	1	2.10823616455696e-06	1	1	1	1	1	1	1	1	1	1	1	1	1	1	1
LTR:MaLR:ORR1D1	1	1	1	1	1	1	1	1	1	1	1	1	1	1	1	1	1	1	1	1	1	1	1	1	1	1	1	1	1	1	1	6.20853943783784e-104	1	1	1	1	1	1	1	1	1	1	1	1	1	1	1	1	1
LTR:MaLR:ORR1D2	1	1	1	1	1	1	1	1	1	1	1	1	1	1	1	1	1	1	1	1	1	1	1	1	1	1	1	1	1	1	1	1	1	1	2.44280386715328e-09	1	1	1	1	1	1	1	0.654888571686747	1	1	1	1	1	1
Low_complexity:Low_complexity:CT-rich	1	1	1	1	1	1	1	1	1	1	1	1	1	1	1	2.24020790693069e-18	1	1	1	1	1	1	1	1	1	1	1	1	1	1	1	1	1	1	1	1	1	1	1	6.7327571675e-27	1	1	1	1	1	1	1	1	1
Low_complexity:Low_complexity:GA-rich	1	1	1	1	1	1	1	1	1	1	1	1	1	1	1	4.4933809257732e-19	1	1	1	1	1	1	1	1	0.298413266666667	1	1	1	1	1	1	1	1	1	1	1	1	1	1	7.257978e-09	1	1	1	1	1	1	1	1	1
Low_complexity:Low_complexity:GC_rich	1	1	1	1	6.773878384e-11	1	1	1	1	1	1	1	1	1	1	1	1	1	1	1	1	1	1	1	1	1	1	1	1	1	1	1	1	1	1	1	1	1	1	1	1	1	1	1	1	1	1	1	1
Simple_repeat:Simple_repeat:(ACTG)n	1	1	1	1	1	1	1	1.93338527682119e-07	1	0.98944213575419	1	1	1	1	1	1	1	1	1	1	1	1	1	1	1	1	1	1	1	1	1	1	1	1	1	1	1	1	1	1	1	1	1	1	1	1	1	1	1
Simple_repeat:Simple_repeat:(CACAG)n	1	1	1	1	1	1	1	1	1	0.0179438984495413	1	1	1	1	1	1	1	1	1	1	1	1	1	1	1	1	1	1	1	1	1	1	1	1	3.51143174827586e-46	1	6.28637533333333e-08	1	1	1	1	1	1	1	1	1	1	1	1
Simple_repeat:Simple_repeat:(CAG)n	1	1	1	1	1	6.48936234831461e-05	1	1	1	1	1	1	1	1.7184986e-26	1	1	1	1	1	1	1	1	1	1	1	1	1	1	1	1	1	1	1	1	1	1	1	0.371035690277778	1	1	1	1	1	1	1	1	1	1	1
Simple_repeat:Simple_repeat:(CAGAG)n	1	1	1	1	1	1	1	1	1	1	1	1	1	1	1	1	1	1	1	1	1	1	1	1	1	1	1	1	1	1	1	1	1	1	0.299811676056338	1	9.08729131182796e-20	0.218185886231884	1	1	1	1	1	1	1	1	1	1	1
Simple_repeat:Simple_repeat:(CAGG)n	1	1	1	1	1	1	1	1	1	1	1	1	1	1	1	1.38305574105263e-19	1	1	1	1	1	1	1	1	1	1	1	1	1	1	1	1	1	1	1	1	0.0668763991561181	1	1	1.57956738333333e-24	1	1	1	1	1	1	1	1	1
Simple_repeat:Simple_repeat:(CAGT)n	1	1	1	1	1	1	1	6.18723237096774e-11	1	1	1	1	1	1	1	1	1	1	1	1	1	1	1	1	1	1	1	1	1	1	1	1	1	1	1	1	1	1	1	1	1	1	1	1	1	1	1	1	1
Simple_repeat:Simple_repeat:(CATTC)n	1	1	1	1	1	1	1	1	1	1	1	1	1	1	1	1	0.058746688	1	1	1	1	1	1	1	1	1	1	1	1.89908607133758e-06	1	1	1	1	1.02592261032258e-06	1	1	1	1	1	0.169223393181818	1	1	1	1	1	1	1	1	1
Simple_repeat:Simple_repeat:(CCG)n	1	1	1	1	3.36927602535211e-34	1	1	1	1	1	1	1	1	1	1	1	1	1	1	1	1	1	1	1	1	1	0.10616129888	1	1	1	1	1	1	1	1	1	1	1	1	1	1	1	1	1	1	1	1	1	1
Simple_repeat:Simple_repeat:(CCTG)n	1	1	1	1	1	1	1	1	1	1	1	1	1	1	1	1.30173131506849e-33	1	1	1	1	1	1	0.218185886231884	1	1	1	1	1	1	1	1	1	1	1	1	1	1	1	1	5.33113793333333e-43	1	1	1	1	1	1	1	1	1
Simple_repeat:Simple_repeat:(CGG)n	1	1	1	1	1.3783482746988e-24	1	1	1	1	1	1	1	1	1	1	1	1	1	1	1	1	1	1	1	1	1	0.0969417547368421	1	1	1	1	1	1	1	1	1	1	1	1	0.0489734935344828	1	1	1	1	1	1	1	1	1
Simple_repeat:Simple_repeat:(CTCTG)n	1	1	1	1	1	1	1	1	1	1	1	1	1	1	1	1	1	1	1	1	1	1	1	1	1	1	1	1	1	1	1	1	1	1	1	1	1.1604229e-19	1	1	1	1	1	1	1	1	1	1	1	1
Simple_repeat:Simple_repeat:(CTG)n	1	1	1	1	1	0.143036473565891	1	1	1	1	1	1	1	1.57594694035088e-53	1	1	1	1	1	1	1	1	1	1	1	1	1	1	1	1	1	1	1	1	1	1	1	1	1	1	1	1	1	1	1	1	1	1	1
Simple_repeat:Simple_repeat:(CTGTG)n	1	1	1	1	1	1	1	1	1	0.0232860394117647	1	1	1	1	1	1	1	1	1	1	1	1	0.00024741787	1	1	1	1	1	1	1	1	1	1	1	6.54491489166667e-66	1	2.14501054444444e-10	1	1	1	1	1	1	1	1	1	1	1	1
Simple_repeat:Simple_repeat:(GGA)n	1	1	1	1	1	1	1	1	1	1	1	1	1	1	1	1	1	1	1	1	1	1	1	1	1	1	2.79096564782609e-09	1	1	1	1	1	1	1	1	1	1	0.0359479957522124	1	1	1	1	1	1	1	1	1	1	1
Simple_repeat:Simple_repeat:(TCC)n	1	1	1	1	1	1	1	1	1	1	1	1	1	1	1	1	1	1	1	1	1	1	1	1	1	1	2.78455014782609e-06	1	1	1	1	1	1	1	1	1	1	8.0195066e-10	1	1	1	1	1	1	1	1	1	1	1
Simple_repeat:Simple_repeat:(TCTCTG)n	1	1	1	1	1	1	1	1	1	1	1	1	1	1	1	1.706702634e-18	1	1	1	1	1	1	1	1	1	1	1	1	1	1	1	1	1	1	1	1	1	1	1	0.124818626196078	1	1	1	1	1	1	1	1	1
TSS	1	1	1	0.0678709582352941	0	2.03329720533333e-33	0.389083540206186	1	3.96403346788991e-14	1	1	9.45369484347826e-69	5.01694331478261e-12	0.545369591666667	1	1	1	1	1	7.11217577777778e-22	1	1.29141225652174e-20	0.0303887503111111	2.36687491710526e-07	1	1	2.777590725e-125	0.0153126896481482	1	0.000195381914	1	1.21460761882353e-23	1	1	5.5058517255814e-76	1.59857313396226e-16	0.000825501306806283	1	1	3.011328775e-54	4.460911e-06	1	1	1	4.7012784e-05	1	1	1	1.30663322045455e-22
